I	Calibration file raw_calib611-620.txt
C	 1	 0	1	0	 4	4	48.099998	9.250000
C	 1	 1	1	0	 4	3	50.299999	8.150000
C	 1	 2	1	0	 4	2	44.000000	8.290000
C	 1	 3	1	0	 4	1	51.400002	9.850000
C	 1	 4	1	0	 4	0	45.099998	9.040000
C	 1	 5	1	0	 3	4	45.500000	8.780000
C	 1	 6	1	0	 3	3	47.900002	8.660000
C	 1	 7	1	0	 3	2	45.900002	7.960000
C	 1	 8	1	0	 3	1	50.299999	9.280000
C	 1	 9	1	0	 3	0	52.000000	8.900000
C	 1	10	1	0	 2	4	43.299999	7.620000
C	 1	11	1	0	 2	3	50.299999	7.710000
C	 1	12	1	0	 2	2	50.000000	8.030000
C	 1	13	1	0	 2	1	55.099998	10.740000
C	 1	14	1	0	 2	0	50.700001	8.840000
C	 1	50	1	0	 1	4	45.200001	7.730000
C	 1	16	1	0	 1	3	46.200001	8.030000
C	 1	17	1	0	 1	2	49.799999	7.370000
C	 1	18	1	0	 1	1	48.000000	10.330000
C	 1	19	1	0	 1	0	49.200001	8.870000
C	 1	20	1	0	 0	4	44.900002	8.600000
C	 1	21	1	0	 0	3	45.500000	7.270000
C	 1	22	1	0	 0	2	47.900002	7.600000
C	 1	23	1	0	 0	1	55.700001	9.160000
C	 1	24	1	0	 0	0	53.700001	11.930000
C	 1	25	1	1	 0	4	54.500000	9.470000
C	 1	26	1	1	 0	3	53.299999	8.610000
C	 1	27	1	1	 0	2	49.200001	8.720000
C	 1	28	1	1	 0	1	50.500000	8.120000
C	 1	29	1	1	 0	0	52.099998	8.520000
C	 1	30	1	1	 1	4	46.900002	7.850000
C	 1	31	1	1	 1	3	50.000000	7.790000
C	 1	32	1	1	 1	2	52.799999	8.150000
C	 1	33	1	1	 1	1	46.099998	8.230000
C	 1	34	1	1	 1	0	48.700001	8.520000
C	 1	35	1	1	 2	4	46.900002	8.590000
C	 1	36	1	1	 2	3	47.200001	9.670000
C	 1	37	1	1	 2	2	46.700001	9.080000
C	 1	38	1	1	 2	1	49.700001	8.930000
C	 1	39	1	1	 2	0	48.400002	8.170000
C	 1	40	1	1	 3	4	48.599998	9.190000
C	 1	41	1	1	 3	3	52.500000	9.900000
C	 1	42	1	1	 3	2	47.200001	8.030000
C	 1	43	1	1	 3	1	46.700001	8.820000
C	 1	44	1	1	 3	0	45.700001	8.190000
C	 1	45	1	1	 4	4	52.799999	8.390000
C	 1	46	1	1	 4	3	48.700001	8.980000
C	 1	47	1	1	 4	2	48.000000	8.900000
C	 1	48	1	1	 4	1	51.400002	7.080000
C	 1	49	1	1	 4	0	53.000000	7.950000
C	 3	 0	2	0	0	0	45.700001	4.000000
C	 3	 1	2	0	0	0	50.200001	4.000000
C	 3	 2	2	0	0	0	42.900002	4.000000
C	 3	 3	2	0	0	0	47.299999	4.000000
C	 3	 4	2	0	0	0	80.199997	4.000000
C	 3	 5	2	0	0	0	42.700001	4.000000
C	 3	 6	2	0	0	0	111.900002	4.000000
C	 3	 7	2	0	0	0	44.000000	4.000000
C	 3	16	2	0	0	0	44.400002	4.000000
C	 3	17	2	0	0	0	47.599998	4.000000
C	 3	18	2	0	0	0	45.900002	4.000000
C	 3	19	2	0	0	0	45.200001	4.000000
C	 3	20	2	0	0	0	42.700001	4.000000
C	 3	21	2	0	0	0	40.700001	4.000000
C	 3	22	2	0	0	0	39.799999	4.000000
C	 3	23	2	0	0	0	42.099998	4.000000
C	 3	24	2	0	0	0	40.599998	4.000000
C	 3	25	2	0	0	0	42.000000	4.000000
C	 3	26	2	0	0	0	42.200001	4.000000
C	 3	27	2	0	0	0	45.000000	4.000000
C	 3	28	2	0	0	0	46.000000	4.000000
C	 3	29	2	0	0	0	46.799999	4.000000
C	 3	30	2	0	0	0	46.599998	4.000000
C	 3	31	2	0	0	0	45.299999	4.000000
C	 3	32	2	0	0	0	41.200001	4.000000
C	 3	33	2	0	0	0	45.599998	4.000000
C	 3	34	2	0	0	0	42.099998	4.000000
C	 3	35	2	0	0	0	39.099998	4.000000
C	 3	36	2	0	0	0	40.299999	4.000000
C	 3	37	2	0	0	0	41.900002	4.000000
C	 3	38	2	0	0	0	43.099998	4.000000
C	 3	39	2	0	0	0	45.500000	4.000000
C	 2	 0	0	0	24	0	7.400000	4.145415
C	 2	 1	0	0	24	2	7.400000	6.071208
C	 2	 2	0	0	24	4	7.400000	3.250813
C	 2	 3	0	0	23	0	7.400000	3.412774
C	 2	 4	0	0	23	2	7.400000	4.322380
C	 2	 5	0	0	23	4	7.400000	3.394740
C	 2	 6	0	0	22	0	7.400000	2.868646
C	 2	 7	0	0	22	2	7.400000	3.087034
C	 2	 8	0	0	22	4	7.400000	3.810844
C	 2	 9	0	0	21	0	7.400000	3.931282
C	 2	10	0	0	21	2	7.400000	4.043534
C	 2	11	0	0	21	4	7.400000	3.460788
C	 2	12	0	0	20	0	7.400000	3.802437
C	 2	13	0	0	20	2	7.400000	4.000000
C	 2	14	0	0	20	4	7.400000	3.439842
C	 2	16	0	0	24	6	7.400000	3.869349
C	 2	17	0	0	24	8	7.400000	3.677152
C	 2	18	0	0	24	10	7.400000	4.000000
C	 2	19	0	0	23	6	7.400000	4.523817
C	 2	20	0	0	23	8	7.400000	3.814182
C	 2	21	0	0	23	10	7.400000	3.694505
C	 2	22	0	0	22	6	7.400000	3.722878
C	 2	23	0	0	22	8	7.400000	2.800334
C	 2	24	0	0	22	10	7.400000	3.336728
C	 2	25	0	0	21	6	7.400000	3.221870
C	 2	26	0	0	21	8	7.400000	3.228869
C	 2	27	0	0	21	10	7.400000	3.136402
C	 2	28	0	0	20	6	7.400000	4.000000
C	 2	29	0	0	20	8	7.400000	3.203480
C	 2	30	0	0	20	10	7.400000	3.738580
C	 2	32	0	0	24	12	7.400000	3.805681
C	 2	33	0	0	24	14	7.400000	2.816506
C	 2	34	0	0	24	16	7.400000	4.023707
C	 2	35	0	0	23	12	7.400000	4.047846
C	 2	36	0	0	23	14	7.400000	4.174549
C	 2	37	0	0	23	16	7.400000	3.884202
C	 2	38	0	0	22	12	7.400000	3.439172
C	 2	39	0	0	22	14	7.400000	3.966720
C	 2	40	0	0	22	16	7.400000	4.463564
C	 2	41	0	0	21	12	7.400000	3.683012
C	 2	42	0	0	21	14	7.400000	3.159692
C	 2	43	0	0	21	16	7.400000	4.233273
C	 2	44	0	0	20	12	7.400000	4.069829
C	 2	45	0	0	20	14	7.400000	3.167870
C	 2	46	0	0	20	16	7.400000	4.000000
C	 2	48	0	0	24	18	7.400000	3.372281
C	 2	49	0	0	24	20	7.400000	3.341763
C	 2	50	0	0	24	22	7.400000	4.507027
C	 2	51	0	0	23	18	7.400000	3.801391
C	 2	52	0	0	23	20	7.400000	3.889004
C	 2	53	0	0	23	22	7.400000	5.091864
C	 2	54	0	0	22	18	7.400000	4.384904
C	 2	55	0	0	22	20	7.400000	3.563169
C	 2	56	0	0	22	22	7.400000	4.000000
C	 2	57	0	0	21	18	7.400000	3.993731
C	 2	58	0	0	21	20	7.400000	3.617747
C	 2	59	0	0	21	22	7.400000	9.245191
C	 2	60	0	0	20	18	7.400000	3.576848
C	 2	61	0	0	20	20	7.400000	3.529643
C	 2	62	0	0	20	22	7.400000	3.965960
C	 5	 0	0	0	24	24	5.800000	4.081236
C	 5	 1	0	0	24	26	5.800000	5.543562
C	 5	 2	0	0	24	28	5.800000	3.249188
C	 5	 3	0	0	23	24	5.800000	4.063050
C	 5	 4	0	0	23	26	5.800000	10.594431
C	 5	 5	0	0	23	28	5.800000	3.939077
C	 5	 6	0	0	22	24	5.800000	3.080903
C	 5	 7	0	0	22	26	5.800000	9.983360
C	 5	 8	0	0	22	28	5.800000	4.069683
C	 5	 9	0	0	21	24	5.800000	3.601134
C	 5	10	0	0	21	26	5.800000	9.022314
C	 5	11	0	0	21	28	5.800000	3.322694
C	 5	12	0	0	20	24	5.800000	3.911348
C	 5	13	0	0	20	26	5.800000	7.688885
C	 5	14	0	0	20	28	5.800000	3.243137
C	 5	16	0	0	24	30	5.800000	6.510010
C	 5	17	0	0	24	32	5.800000	5.459218
C	 5	18	0	0	24	34	5.800000	3.408190
C	 5	19	0	0	23	30	5.800000	10.925404
C	 5	20	0	0	23	32	5.800000	4.746764
C	 5	21	0	0	23	34	5.800000	3.072489
C	 5	22	0	0	22	30	5.800000	12.997479
C	 5	23	0	0	22	32	5.800000	3.391702
C	 5	24	0	0	22	34	5.800000	3.652796
C	 5	25	0	0	21	30	5.800000	3.812429
C	 5	26	0	0	21	32	5.800000	4.136294
C	 5	27	0	0	21	34	5.800000	3.678034
C	 5	28	0	0	20	30	5.800000	3.878439
C	 5	29	0	0	20	32	5.800000	4.790029
C	 5	30	0	0	20	34	5.800000	3.205768
C	 5	32	0	0	24	36	5.800000	5.397011
C	 5	33	0	0	24	38	5.800000	4.581918
C	 5	34	0	0	24	40	5.800000	3.090378
C	 5	35	0	0	23	36	5.800000	4.057387
C	 5	36	0	0	23	38	5.800000	4.098729
C	 5	37	0	0	23	40	5.800000	3.673735
C	 5	38	0	0	22	36	5.800000	4.394003
C	 5	39	0	0	22	38	5.800000	5.069254
C	 5	40	0	0	22	40	5.800000	3.531058
C	 5	41	0	0	21	36	5.800000	3.110833
C	 5	42	0	0	21	38	5.800000	5.298143
C	 5	43	0	0	21	40	5.800000	3.860065
C	 5	44	0	0	20	36	5.800000	5.184676
C	 5	45	0	0	20	38	5.800000	4.475744
C	 5	46	0	0	20	40	5.800000	3.991205
C	 5	48	0	0	24	42	5.800000	4.015929
C	 5	49	0	0	24	44	5.800000	3.271067
C	 5	50	0	0	24	46	5.800000	4.144949
C	 5	51	0	0	23	42	5.800000	5.273018
C	 5	52	0	0	23	44	5.800000	3.775684
C	 5	53	0	0	23	46	5.800000	3.530927
C	 5	54	0	0	22	42	5.800000	3.464007
C	 5	55	0	0	22	44	5.800000	3.173137
C	 5	56	0	0	22	46	5.800000	3.687276
C	 5	57	0	0	21	42	5.800000	3.576427
C	 5	58	0	0	21	44	5.800000	3.570566
C	 5	59	0	0	21	46	5.800000	2.876965
C	 5	60	0	0	20	42	5.800000	3.835200
C	 5	61	0	0	20	44	5.800000	3.159303
C	 5	62	0	0	20	46	5.800000	3.718899
C	 6	 0	0	0	24	48	4.500000	3.636520
C	 6	 1	0	0	24	50	4.500000	3.934887
C	 6	 2	0	0	24	52	4.500000	3.625046
C	 6	 3	0	0	23	48	4.500000	3.890417
C	 6	 4	0	0	23	50	4.500000	4.000000
C	 6	 5	0	0	23	52	4.500000	3.936431
C	 6	 6	0	0	22	48	4.500000	4.117606
C	 6	 7	0	0	22	50	4.500000	3.642829
C	 6	 8	0	0	22	52	4.500000	3.603730
C	 6	 9	0	0	21	48	4.500000	3.113468
C	 6	10	0	0	21	50	4.500000	3.729815
C	 6	11	0	0	21	52	4.500000	3.899463
C	 6	12	0	0	20	48	4.500000	3.593136
C	 6	13	0	0	20	50	4.500000	4.083510
C	 6	14	0	0	20	52	4.500000	4.182528
C	 6	16	0	0	24	54	4.500000	3.794622
C	 6	17	0	0	24	56	4.500000	3.654398
C	 6	18	0	0	24	58	4.500000	4.000000
C	 6	19	0	0	23	54	4.500000	3.162174
C	 6	20	0	0	23	56	4.500000	3.826292
C	 6	21	0	0	23	58	4.500000	3.701118
C	 6	22	0	0	22	54	4.500000	3.138640
C	 6	23	0	0	22	56	4.500000	3.807394
C	 6	24	0	0	22	58	4.500000	3.761188
C	 6	25	0	0	21	54	4.500000	3.430322
C	 6	26	0	0	21	56	4.500000	4.225869
C	 6	27	0	0	21	58	4.500000	3.812923
C	 6	28	0	0	20	54	4.500000	3.701922
C	 6	29	0	0	20	56	4.500000	3.331075
C	 6	30	0	0	20	58	4.500000	3.539379
C	 6	32	0	0	24	60	4.500000	4.000000
C	 6	33	0	0	24	62	4.500000	4.167179
C	 6	34	0	0	24	64	4.500000	7.568774
C	 6	35	0	0	23	60	4.500000	3.688874
C	 6	36	0	0	23	62	4.500000	3.431310
C	 6	37	0	0	23	64	4.500000	3.889705
C	 6	38	0	0	22	60	4.500000	3.688846
C	 6	39	0	0	22	62	4.500000	3.670010
C	 6	40	0	0	22	64	4.500000	4.524844
C	 6	41	0	0	21	60	4.500000	4.199036
C	 6	42	0	0	21	62	4.500000	3.638711
C	 6	43	0	0	21	64	4.500000	3.993946
C	 6	44	0	0	20	60	4.500000	4.171702
C	 6	45	0	0	20	62	4.500000	3.200402
C	 6	46	0	0	20	64	4.500000	3.765480
C	 6	48	0	0	24	66	4.500000	3.331269
C	 6	49	0	0	24	68	4.500000	3.436304
C	 6	50	0	0	24	70	4.500000	3.876462
C	 6	51	0	0	23	66	4.500000	3.769599
C	 6	52	0	0	23	68	4.500000	3.662786
C	 6	53	0	0	23	70	4.500000	3.759714
C	 6	54	0	0	22	66	4.500000	4.024546
C	 6	55	0	0	22	68	4.500000	3.842788
C	 6	56	0	0	22	70	4.500000	4.365822
C	 6	57	0	0	21	66	4.500000	3.963173
C	 6	58	0	0	21	68	4.500000	3.692742
C	 6	59	0	0	21	70	4.500000	3.538580
C	 6	60	0	0	20	66	4.500000	3.309313
C	 6	61	0	0	20	68	4.500000	3.717132
C	 6	62	0	0	20	70	4.500000	3.916345
C	 7	 0	0	0	24	72	3.600000	4.427061
C	 7	 1	0	0	24	74	3.600000	3.289386
C	 7	 2	0	0	24	76	3.600000	3.627713
C	 7	 3	0	0	23	72	3.600000	3.717495
C	 7	 4	0	0	23	74	3.600000	3.759027
C	 7	 5	0	0	23	76	3.600000	4.125777
C	 7	 6	0	0	22	72	3.600000	4.418551
C	 7	 7	0	0	22	74	3.600000	3.648741
C	 7	 8	0	0	22	76	3.600000	4.000000
C	 7	 9	0	0	21	72	3.600000	3.896430
C	 7	10	0	0	21	74	3.600000	3.950108
C	 7	11	0	0	21	76	3.600000	3.479969
C	 7	12	0	0	20	72	3.600000	3.064016
C	 7	13	0	0	20	74	3.600000	3.782024
C	 7	14	0	0	20	76	3.600000	3.791219
C	 7	16	0	0	24	78	3.600000	3.545009
C	 7	17	0	0	24	80	3.600000	3.878950
C	 7	18	0	0	24	82	3.600000	3.916729
C	 7	19	0	0	23	78	3.600000	3.924003
C	 7	20	0	0	23	80	3.600000	3.595353
C	 7	21	0	0	23	82	3.600000	3.650368
C	 7	22	0	0	22	78	3.600000	3.834341
C	 7	23	0	0	22	80	3.600000	3.673237
C	 7	24	0	0	22	82	3.600000	3.892855
C	 7	25	0	0	21	78	3.600000	3.956648
C	 7	26	0	0	21	80	3.600000	3.464163
C	 7	27	0	0	21	82	3.600000	3.312533
C	 7	28	0	0	20	78	3.600000	3.363044
C	 7	29	0	0	20	80	3.600000	5.235322
C	 7	30	0	0	20	82	3.600000	4.220291
C	 7	32	0	0	24	84	3.600000	3.783418
C	 7	33	0	0	24	86	3.600000	3.915322
C	 7	34	0	0	24	88	3.600000	4.287950
C	 7	35	0	0	23	84	3.600000	4.559906
C	 7	36	0	0	23	86	3.600000	4.839087
C	 7	37	0	0	23	88	3.600000	4.587548
C	 7	38	0	0	22	84	3.600000	3.769108
C	 7	39	0	0	22	86	3.600000	3.499810
C	 7	40	0	0	22	88	3.600000	5.474658
C	 7	41	0	0	21	84	3.600000	3.727776
C	 7	42	0	0	21	86	3.600000	4.205224
C	 7	43	0	0	21	88	3.600000	3.546309
C	 7	44	0	0	20	84	3.600000	3.995689
C	 7	45	0	0	20	86	3.600000	4.386162
C	 7	46	0	0	20	88	3.600000	3.886508
C	 7	48	0	0	24	90	3.600000	3.717577
C	 7	49	0	0	24	92	3.600000	3.652519
C	 7	50	0	0	24	94	3.600000	3.755241
C	 7	51	0	0	23	90	3.600000	4.183675
C	 7	52	0	0	23	92	3.600000	4.626567
C	 7	53	0	0	23	94	3.600000	3.808532
C	 7	54	0	0	22	90	3.600000	3.975501
C	 7	55	0	0	22	92	3.600000	4.048225
C	 7	56	0	0	22	94	3.600000	4.047801
C	 7	57	0	0	21	90	3.600000	5.217800
C	 7	58	0	0	21	92	3.600000	4.039721
C	 7	59	0	0	21	94	3.600000	4.401582
C	 7	60	0	0	20	90	3.600000	4.718963
C	 7	61	0	0	20	92	3.600000	3.873503
C	 7	62	0	0	20	94	3.600000	3.877036
C	 8	 0	0	0	24	96	3.000000	4.780468
C	 8	 1	0	0	24	98	3.000000	4.612632
C	 8	 3	0	0	23	96	3.000000	3.689587
C	 8	 4	0	0	23	98	3.000000	4.834141
C	 8	 6	0	0	22	96	3.000000	3.657002
C	 8	 7	0	0	22	98	3.000000	4.645074
C	 8	 9	0	0	21	96	3.000000	4.541636
C	 8	10	0	0	21	98	3.000000	4.165274
C	 8	12	0	0	20	96	3.000000	4.787194
C	 8	13	0	0	20	98	3.000000	4.306161
C	 8	16	0	0	19	0	3.000000	4.298474
C	 8	17	0	0	19	2	3.000000	3.473639
C	 8	18	0	0	19	4	3.000000	3.808961
C	 8	19	0	0	18	0	3.000000	3.848405
C	 8	20	0	0	18	2	3.000000	3.578884
C	 8	21	0	0	18	4	3.000000	3.471686
C	 8	22	0	0	17	0	3.000000	5.612754
C	 8	23	0	0	17	2	3.000000	3.535088
C	 8	24	0	0	17	4	3.000000	3.713804
C	 8	25	0	0	16	0	3.000000	8.206756
C	 8	26	0	0	16	2	3.000000	3.854086
C	 8	27	0	0	16	4	3.000000	3.107622
C	 8	28	0	0	15	0	3.000000	4.114032
C	 8	29	0	0	15	2	3.000000	4.151632
C	 8	30	0	0	15	4	3.000000	3.841563
C	 8	32	0	0	19	6	3.000000	4.043833
C	 8	33	0	0	19	8	3.000000	3.003707
C	 8	34	0	0	19	10	3.000000	3.784487
C	 8	35	0	0	18	6	3.000000	4.452946
C	 8	36	0	0	18	8	3.000000	4.013422
C	 8	37	0	0	18	10	3.000000	4.067256
C	 8	38	0	0	17	6	3.000000	4.233611
C	 8	39	0	0	17	8	3.000000	3.220843
C	 8	40	0	0	17	10	3.000000	3.137649
C	 8	41	0	0	16	6	3.000000	3.120895
C	 8	42	0	0	16	8	3.000000	3.832450
C	 8	43	0	0	16	10	3.000000	3.697804
C	 8	44	0	0	15	6	3.000000	3.528069
C	 8	45	0	0	15	8	3.000000	4.129645
C	 8	46	0	0	15	10	3.000000	3.416304
C	 8	48	0	0	19	12	3.000000	3.208316
C	 8	49	0	0	19	14	3.000000	3.783800
C	 8	50	0	0	19	16	3.000000	4.822949
C	 8	51	0	0	18	12	3.000000	3.420546
C	 8	52	0	0	18	14	3.000000	3.834992
C	 8	53	0	0	18	16	3.000000	3.253563
C	 8	54	0	0	17	12	3.000000	3.208806
C	 8	55	0	0	17	14	3.000000	3.545066
C	 8	56	0	0	17	16	3.000000	3.980939
C	 8	57	0	0	16	12	3.000000	3.673589
C	 8	58	0	0	16	14	3.000000	3.225658
C	 8	59	0	0	16	16	3.000000	3.075923
C	 8	60	0	0	15	12	3.000000	4.088495
C	 8	61	0	0	15	14	3.000000	3.311713
C	 8	62	0	0	15	16	3.000000	5.028541
C	 9	 0	0	0	19	18	2.000000	3.640142
C	 9	 1	0	0	19	20	2.000000	2.953362
C	 9	 2	0	0	19	22	2.000000	3.123114
C	 9	 3	0	0	18	18	2.000000	3.487931
C	 9	 4	0	0	18	20	2.000000	3.415222
C	 9	 5	0	0	18	22	2.000000	5.290421
C	 9	 6	0	0	17	18	2.000000	3.452603
C	 9	 7	0	0	17	20	2.000000	3.467151
C	 9	 8	0	0	17	22	2.000000	2.883260
C	 9	 9	0	0	16	18	2.000000	3.451453
C	 9	10	0	0	16	20	2.000000	2.762892
C	 9	11	0	0	16	22	2.000000	4.000000
C	 9	12	0	0	15	18	2.000000	3.851566
C	 9	13	0	0	15	20	2.000000	3.720390
C	 9	14	0	0	15	22	2.000000	3.376213
C	 9	16	0	0	19	24	2.000000	9.017806
C	 9	17	0	0	19	26	2.000000	2.985214
C	 9	18	0	0	19	28	2.000000	7.251261
C	 9	19	0	0	18	24	2.000000	4.226350
C	 9	20	0	0	18	26	2.000000	3.571002
C	 9	21	0	0	18	28	2.000000	4.343277
C	 9	22	0	0	17	24	2.000000	6.116563
C	 9	23	0	0	17	26	2.000000	3.761206
C	 9	24	0	0	17	28	2.000000	13.270069
C	 9	25	0	0	16	24	2.000000	5.499803
C	 9	26	0	0	16	26	2.000000	3.472627
C	 9	27	0	0	16	28	2.000000	7.233733
C	 9	28	0	0	15	24	2.000000	5.305285
C	 9	29	0	0	15	26	2.000000	3.663997
C	 9	30	0	0	15	28	2.000000	8.735613
C	 9	32	0	0	19	30	2.000000	6.579213
C	 9	33	0	0	19	32	2.000000	4.324129
C	 9	34	0	0	19	34	2.000000	4.700379
C	 9	35	0	0	18	30	2.000000	4.046998
C	 9	36	0	0	18	32	2.000000	3.899366
C	 9	37	0	0	18	34	2.000000	5.741813
C	 9	38	0	0	17	30	2.000000	13.189821
C	 9	39	0	0	17	32	2.000000	5.955831
C	 9	40	0	0	17	34	2.000000	10.410089
C	 9	41	0	0	16	30	2.000000	6.461918
C	 9	42	0	0	16	32	2.000000	4.027658
C	 9	43	0	0	16	34	2.000000	6.798604
C	 9	44	0	0	15	30	2.000000	5.173685
C	 9	45	0	0	15	32	2.000000	4.113678
C	 9	46	0	0	15	34	2.000000	3.948521
C	 9	48	0	0	19	36	2.000000	6.346537
C	 9	49	0	0	19	38	2.000000	2.875626
C	 9	50	0	0	19	40	2.000000	4.105856
C	 9	51	0	0	18	36	2.000000	6.741042
C	 9	52	0	0	18	38	2.000000	3.389519
C	 9	53	0	0	18	40	2.000000	3.282387
C	 9	54	0	0	17	36	2.000000	13.108924
C	 9	55	0	0	17	38	2.000000	4.153484
C	 9	56	0	0	17	40	2.000000	4.382962
C	 9	57	0	0	16	36	2.000000	3.531541
C	 9	58	0	0	16	38	2.000000	10.885646
C	 9	59	0	0	16	40	2.000000	4.238244
C	 9	60	0	0	15	36	2.000000	3.568455
C	 9	61	0	0	15	38	2.000000	12.713389
C	 9	62	0	0	15	40	2.000000	4.748465
C	10	 0	0	0	19	42	-0.100000	3.157787
C	10	 1	0	0	19	44	-0.100000	12.174770
C	10	 2	0	0	19	46	-0.100000	3.151680
C	10	 3	0	0	18	42	-0.100000	4.174095
C	10	 4	0	0	18	44	-0.100000	3.134274
C	10	 5	0	0	18	46	-0.100000	3.666964
C	10	 6	0	0	17	42	-0.100000	3.225417
C	10	 7	0	0	17	44	-0.100000	3.047484
C	10	 8	0	0	17	46	-0.100000	3.262170
C	10	 9	0	0	16	42	-0.100000	3.385355
C	10	10	0	0	16	44	-0.100000	3.193242
C	10	11	0	0	16	46	-0.100000	3.585176
C	10	12	0	0	15	42	-0.100000	4.112078
C	10	13	0	0	15	44	-0.100000	3.402277
C	10	14	0	0	15	46	-0.100000	3.896392
C	10	16	0	0	19	48	-0.100000	4.177157
C	10	17	0	0	19	50	-0.100000	3.763222
C	10	18	0	0	19	52	-0.100000	4.153738
C	10	19	0	0	18	48	-0.100000	3.547153
C	10	20	0	0	18	50	-0.100000	3.796383
C	10	21	0	0	18	52	-0.100000	3.773450
C	10	22	0	0	17	48	-0.100000	3.915866
C	10	23	0	0	17	50	-0.100000	3.197442
C	10	24	0	0	17	52	-0.100000	3.895264
C	10	25	0	0	16	48	-0.100000	3.517380
C	10	26	0	0	16	50	-0.100000	5.732526
C	10	27	0	0	16	52	-0.100000	8.714810
C	10	28	0	0	15	48	-0.100000	4.375136
C	10	29	0	0	15	50	-0.100000	4.988944
C	10	30	0	0	15	52	-0.100000	3.698721
C	10	32	0	0	19	54	-0.100000	4.940129
C	10	33	0	0	19	56	-0.100000	3.859334
C	10	34	0	0	19	58	-0.100000	3.281404
C	10	35	0	0	18	54	-0.100000	3.703475
C	10	36	0	0	18	56	-0.100000	3.922280
C	10	37	0	0	18	58	-0.100000	3.055387
C	10	38	0	0	17	54	-0.100000	4.121519
C	10	39	0	0	17	56	-0.100000	3.183572
C	10	40	0	0	17	58	-0.100000	3.598059
C	10	41	0	0	16	54	-0.100000	3.674597
C	10	42	0	0	16	56	-0.100000	3.036445
C	10	43	0	0	16	58	-0.100000	3.413902
C	10	44	0	0	15	54	-0.100000	3.859552
C	10	45	0	0	15	56	-0.100000	3.338339
C	10	46	0	0	15	58	-0.100000	3.393081
C	10	48	0	0	19	60	-0.100000	4.142811
C	10	49	0	0	19	62	-0.100000	4.002896
C	10	50	0	0	19	64	-0.100000	3.449955
C	10	51	0	0	18	60	-0.100000	5.636861
C	10	52	0	0	18	62	-0.100000	5.390156
C	10	53	0	0	18	64	-0.100000	3.769706
C	10	54	0	0	17	60	-0.100000	3.985964
C	10	55	0	0	17	62	-0.100000	3.654853
C	10	56	0	0	17	64	-0.100000	4.374516
C	10	57	0	0	16	60	-0.100000	3.168034
C	10	58	0	0	16	62	-0.100000	3.896348
C	10	59	0	0	16	64	-0.100000	3.720066
C	10	60	0	0	15	60	-0.100000	3.526272
C	10	61	0	0	15	62	-0.100000	4.059253
C	10	62	0	0	15	64	-0.100000	3.576674
C	11	 0	0	0	19	66	-0.700000	3.479194
C	11	 1	0	0	19	68	-0.700000	3.166012
C	11	 2	0	0	19	70	-0.700000	3.308159
C	11	 3	0	0	18	66	-0.700000	3.528088
C	11	 4	0	0	18	68	-0.700000	4.441133
C	11	 5	0	0	18	70	-0.700000	3.724734
C	11	 6	0	0	17	66	-0.700000	3.633285
C	11	 7	0	0	17	68	-0.700000	3.451701
C	11	 8	0	0	17	70	-0.700000	3.274090
C	11	 9	0	0	16	66	-0.700000	3.567345
C	11	10	0	0	16	68	-0.700000	4.186584
C	11	11	0	0	16	70	-0.700000	3.473483
C	11	12	0	0	15	66	-0.700000	3.668022
C	11	13	0	0	15	68	-0.700000	4.184095
C	11	14	0	0	15	70	-0.700000	3.955149
C	11	16	0	0	19	72	-0.700000	4.365086
C	11	17	0	0	19	74	-0.700000	3.718396
C	11	18	0	0	19	76	-0.700000	4.279897
C	11	19	0	0	18	72	-0.700000	3.556008
C	11	20	0	0	18	74	-0.700000	3.677987
C	11	21	0	0	18	76	-0.700000	3.657774
C	11	22	0	0	17	72	-0.700000	4.157289
C	11	23	0	0	17	74	-0.700000	3.348617
C	11	24	0	0	17	76	-0.700000	3.747365
C	11	25	0	0	16	72	-0.700000	3.476436
C	11	26	0	0	16	74	-0.700000	3.034378
C	11	27	0	0	16	76	-0.700000	3.806136
C	11	28	0	0	15	72	-0.700000	3.538652
C	11	29	0	0	15	74	-0.700000	3.022936
C	11	30	0	0	15	76	-0.700000	3.793483
C	11	32	0	0	19	78	-0.700000	3.632242
C	11	33	0	0	19	80	-0.700000	4.610792
C	11	34	0	0	19	82	-0.700000	4.779882
C	11	35	0	0	18	78	-0.700000	3.834190
C	11	36	0	0	18	80	-0.700000	3.817917
C	11	37	0	0	18	82	-0.700000	3.672364
C	11	38	0	0	17	78	-0.700000	4.164190
C	11	39	0	0	17	80	-0.700000	4.000000
C	11	40	0	0	17	82	-0.700000	3.922859
C	11	41	0	0	16	78	-0.700000	4.144838
C	11	42	0	0	16	80	-0.700000	3.704399
C	11	43	0	0	16	82	-0.700000	4.321554
C	11	44	0	0	15	78	-0.700000	3.992631
C	11	45	0	0	15	80	-0.700000	3.417817
C	11	46	0	0	15	82	-0.700000	3.349270
C	11	48	0	0	19	84	-0.700000	3.513067
C	11	49	0	0	19	86	-0.700000	3.800144
C	11	50	0	0	19	88	-0.700000	4.706584
C	11	51	0	0	18	84	-0.700000	3.288029
C	11	52	0	0	18	86	-0.700000	3.904748
C	11	53	0	0	18	88	-0.700000	3.807026
C	11	54	0	0	17	84	-0.700000	3.571935
C	11	55	0	0	17	86	-0.700000	5.335179
C	11	56	0	0	17	88	-0.700000	4.128870
C	11	57	0	0	16	84	-0.700000	4.362014
C	11	58	0	0	16	86	-0.700000	3.965593
C	11	59	0	0	16	88	-0.700000	3.709614
C	11	60	0	0	15	84	-0.700000	3.927310
C	11	61	0	0	15	86	-0.700000	3.849259
C	11	62	0	0	15	88	-0.700000	4.679569
C	36	32	0	0	19	90	0.300000	4.129822
C	36	33	0	0	19	92	0.300000	4.146209
C	36	34	0	0	19	94	0.300000	3.592976
C	36	35	0	0	18	90	0.300000	5.262053
C	36	36	0	0	18	92	0.300000	4.354217
C	36	37	0	0	18	94	0.300000	3.336544
C	36	38	0	0	17	90	0.300000	4.081585
C	36	39	0	0	17	92	0.300000	3.926199
C	36	40	0	0	17	94	0.300000	4.648392
C	36	41	0	0	16	90	0.300000	4.019061
C	36	42	0	0	16	92	0.300000	4.644778
C	36	43	0	0	16	94	0.300000	3.309647
C	36	44	0	0	15	90	0.300000	4.245673
C	36	45	0	0	15	92	0.300000	3.509964
C	36	46	0	0	15	94	0.300000	4.000000
C	36	48	0	0	19	96	0.300000	3.443969
C	36	49	0	0	19	98	0.300000	4.717048
C	36	51	0	0	18	96	0.300000	3.985440
C	36	52	0	0	18	98	0.300000	3.064515
C	36	54	0	0	17	96	0.300000	3.887753
C	36	55	0	0	17	98	0.300000	4.468403
C	36	57	0	0	16	96	0.300000	4.731786
C	36	58	0	0	16	98	0.300000	4.772854
C	36	60	0	0	15	96	0.300000	4.065969
C	36	61	0	0	15	98	0.300000	4.271148
C	36	 0	0	0	14	0	0.300000	4.285471
C	36	 1	0	0	14	2	0.300000	3.843566
C	36	 2	0	0	14	4	0.300000	3.574124
C	36	 3	0	0	13	0	0.300000	3.218073
C	36	 4	0	0	13	2	0.300000	3.468525
C	36	 5	0	0	13	4	0.300000	3.448225
C	36	 6	0	0	12	0	0.300000	3.694731
C	36	 7	0	0	12	2	0.300000	3.197129
C	36	 8	0	0	12	4	0.300000	5.548565
C	36	 9	0	0	11	0	0.300000	3.990406
C	36	10	0	0	11	2	0.300000	3.345302
C	36	11	0	0	11	4	0.300000	4.330441
C	36	12	0	0	10	0	0.300000	3.811340
C	36	13	0	0	10	2	0.300000	4.124512
C	36	14	0	0	10	4	0.300000	5.134527
C	36	16	0	0	14	6	0.300000	4.683075
C	36	17	0	0	14	8	0.300000	3.707839
C	36	18	0	0	14	10	0.300000	3.480288
C	36	19	0	0	13	6	0.300000	3.680577
C	36	20	0	0	13	8	0.300000	3.895103
C	36	21	0	0	13	10	0.300000	3.503479
C	36	22	0	0	12	6	0.300000	3.880617
C	36	23	0	0	12	8	0.300000	3.663709
C	36	24	0	0	12	10	0.300000	3.851543
C	36	25	0	0	11	6	0.300000	3.028667
C	36	26	0	0	11	8	0.300000	4.000000
C	36	27	0	0	11	10	0.300000	3.227792
C	36	28	0	0	10	6	0.300000	4.529358
C	36	29	0	0	10	8	0.300000	3.252948
C	36	30	0	0	10	10	0.300000	3.556055
C	35	 0	0	0	14	12	-2.200000	3.666748
C	35	 1	0	0	14	14	-2.200000	5.544515
C	35	 2	0	0	14	16	-2.200000	4.891641
C	35	 3	0	0	13	12	-2.200000	5.127128
C	35	 4	0	0	13	14	-2.200000	4.378308
C	35	 5	0	0	13	16	-2.200000	3.867328
C	35	 6	0	0	12	12	-2.200000	2.984367
C	35	 7	0	0	12	14	-2.200000	15.647814
C	35	 8	0	0	12	16	-2.200000	4.076804
C	35	 9	0	0	11	12	-2.200000	3.411876
C	35	10	0	0	11	14	-2.200000	4.000000
C	35	11	0	0	11	16	-2.200000	3.521142
C	35	12	0	0	10	12	-2.200000	4.000000
C	35	13	0	0	10	14	-2.200000	6.062495
C	35	14	0	0	10	16	-2.200000	3.525901
C	35	16	0	0	14	18	-2.200000	4.000000
C	35	17	0	0	14	20	-2.200000	4.031919
C	35	18	0	0	14	22	-2.200000	3.620525
C	35	19	0	0	13	18	-2.200000	4.019912
C	35	20	0	0	13	20	-2.200000	4.911270
C	35	21	0	0	13	22	-2.200000	5.762881
C	35	22	0	0	12	18	-2.200000	4.055367
C	35	23	0	0	12	20	-2.200000	3.327371
C	35	24	0	0	12	22	-2.200000	3.348959
C	35	25	0	0	11	18	-2.200000	3.898279
C	35	26	0	0	11	20	-2.200000	3.667266
C	35	27	0	0	11	22	-2.200000	3.792908
C	35	28	0	0	10	18	-2.200000	3.436856
C	35	29	0	0	10	20	-2.200000	5.036680
C	35	30	0	0	10	22	-2.200000	6.374151
C	35	32	0	0	14	24	-2.200000	3.341491
C	35	33	0	0	14	26	-2.200000	6.364774
C	35	34	0	0	14	28	-2.200000	6.103369
C	35	35	0	0	13	24	-2.200000	3.883450
C	35	36	0	0	13	26	-2.200000	3.956714
C	35	37	0	0	13	28	-2.200000	5.834972
C	35	38	0	0	12	24	-2.200000	3.499654
C	35	39	0	0	12	26	-2.200000	3.248052
C	35	40	0	0	12	28	-2.200000	3.395222
C	35	41	0	0	11	24	-2.200000	3.655504
C	35	42	0	0	11	26	-2.200000	2.825802
C	35	43	0	0	11	28	-2.200000	3.846880
C	35	44	0	0	10	24	-2.200000	3.472572
C	35	45	0	0	10	26	-2.200000	4.299586
C	35	46	0	0	10	28	-2.200000	5.318000
C	35	48	0	0	14	30	-2.200000	5.019229
C	35	49	0	0	14	32	-2.200000	3.759394
C	35	50	0	0	14	34	-2.200000	6.995964
C	35	51	0	0	13	30	-2.200000	3.886666
C	35	52	0	0	13	32	-2.200000	3.285280
C	35	53	0	0	13	34	-2.200000	4.642944
C	35	54	0	0	12	30	-2.200000	9.637797
C	35	55	0	0	12	32	-2.200000	4.681087
C	35	56	0	0	12	34	-2.200000	3.222215
C	35	57	0	0	11	30	-2.200000	6.213867
C	35	58	0	0	11	32	-2.200000	3.237733
C	35	59	0	0	11	34	-2.200000	3.724279
C	35	60	0	0	10	30	-2.200000	3.940670
C	35	61	0	0	10	32	-2.200000	3.543334
C	35	62	0	0	10	34	-2.200000	4.118309
C	13	 0	0	0	14	36	-2.600000	8.419693
C	13	 1	0	0	14	38	-2.600000	3.954201
C	13	 2	0	0	14	40	-2.600000	4.004017
C	13	 3	0	0	13	36	-2.600000	4.246499
C	13	 4	0	0	13	38	-2.600000	4.941080
C	13	 5	0	0	13	40	-2.600000	3.715377
C	13	 6	0	0	12	36	-2.600000	4.241887
C	13	 7	0	0	12	38	-2.600000	10.876334
C	13	 8	0	0	12	40	-2.600000	3.427506
C	13	 9	0	0	11	36	-2.600000	3.547610
C	13	10	0	0	11	38	-2.600000	4.000000
C	13	11	0	0	11	40	-2.600000	3.825938
C	13	12	0	0	10	36	-2.600000	3.895510
C	13	13	0	0	10	38	-2.600000	6.657732
C	13	14	0	0	10	40	-2.600000	3.918747
C	13	16	0	0	14	42	-2.600000	4.101026
C	13	17	0	0	14	44	-2.600000	2.941170
C	13	18	0	0	14	46	-2.600000	3.731485
C	13	19	0	0	13	42	-2.600000	5.060861
C	13	20	0	0	13	44	-2.600000	4.237031
C	13	21	0	0	13	46	-2.600000	3.888654
C	13	22	0	0	12	42	-2.600000	5.630276
C	13	23	0	0	12	44	-2.600000	3.343206
C	13	24	0	0	12	46	-2.600000	3.792977
C	13	25	0	0	11	42	-2.600000	3.861796
C	13	26	0	0	11	44	-2.600000	3.271160
C	13	27	0	0	11	46	-2.600000	3.027471
C	13	28	0	0	10	42	-2.600000	3.629247
C	13	29	0	0	10	44	-2.600000	2.749661
C	13	30	0	0	10	46	-2.600000	3.372704
C	13	32	0	0	14	48	-2.600000	3.270701
C	13	33	0	0	14	50	-2.600000	3.228253
C	13	34	0	0	14	52	-2.600000	3.464286
C	13	35	0	0	13	48	-2.600000	3.468477
C	13	36	0	0	13	50	-2.600000	4.040023
C	13	37	0	0	13	52	-2.600000	3.782435
C	13	38	0	0	12	48	-2.600000	3.039467
C	13	39	0	0	12	50	-2.600000	2.940719
C	13	40	0	0	12	52	-2.600000	3.939161
C	13	41	0	0	11	48	-2.600000	3.447855
C	13	42	0	0	11	50	-2.600000	3.459283
C	13	43	0	0	11	52	-2.600000	3.028404
C	13	44	0	0	10	48	-2.600000	4.511395
C	13	45	0	0	10	50	-2.600000	4.274991
C	13	46	0	0	10	52	-2.600000	7.277379
C	13	48	0	0	14	54	-2.600000	6.133009
C	13	49	0	0	14	56	-2.600000	3.220263
C	13	50	0	0	14	58	-2.600000	3.265111
C	13	51	0	0	13	54	-2.600000	3.655049
C	13	52	0	0	13	56	-2.600000	3.739485
C	13	53	0	0	13	58	-2.600000	4.067875
C	13	54	0	0	12	54	-2.600000	3.741081
C	13	55	0	0	12	56	-2.600000	3.979364
C	13	56	0	0	12	58	-2.600000	3.818342
C	13	57	0	0	11	54	-2.600000	3.377450
C	13	58	0	0	11	56	-2.600000	3.243687
C	13	59	0	0	11	58	-2.600000	3.718266
C	13	60	0	0	10	54	-2.600000	3.556927
C	13	61	0	0	10	56	-2.600000	3.235714
C	13	62	0	0	10	58	-2.600000	3.677056
C	12	 0	0	0	14	60	-0.300000	3.880696
C	12	 1	0	0	14	62	-0.300000	3.858102
C	12	 2	0	0	14	64	-0.300000	3.481239
C	12	 3	0	0	13	60	-0.300000	3.559759
C	12	 4	0	0	13	62	-0.300000	3.709955
C	12	 5	0	0	13	64	-0.300000	3.787912
C	12	 6	0	0	12	60	-0.300000	3.774633
C	12	 7	0	0	12	62	-0.300000	4.015810
C	12	 8	0	0	12	64	-0.300000	3.515536
C	12	 9	0	0	11	60	-0.300000	4.063646
C	12	10	0	0	11	62	-0.300000	3.568529
C	12	11	0	0	11	64	-0.300000	4.170771
C	12	12	0	0	10	60	-0.300000	3.438770
C	12	13	0	0	10	62	-0.300000	3.721619
C	12	14	0	0	10	64	-0.300000	3.813173
C	12	16	0	0	14	66	-0.300000	4.185866
C	12	17	0	0	14	68	-0.300000	4.135378
C	12	18	0	0	14	70	-0.300000	3.688586
C	12	19	0	0	13	66	-0.300000	3.581283
C	12	20	0	0	13	68	-0.300000	3.996549
C	12	21	0	0	13	70	-0.300000	3.588859
C	12	22	0	0	12	66	-0.300000	3.960453
C	12	23	0	0	12	68	-0.300000	3.533909
C	12	24	0	0	12	70	-0.300000	3.796554
C	12	25	0	0	11	66	-0.300000	3.530552
C	12	26	0	0	11	68	-0.300000	3.768853
C	12	27	0	0	11	70	-0.300000	3.144539
C	12	28	0	0	10	66	-0.300000	4.118944
C	12	29	0	0	10	68	-0.300000	3.594519
C	12	30	0	0	10	70	-0.300000	4.577291
C	12	32	0	0	14	72	-0.300000	3.896942
C	12	33	0	0	14	74	-0.300000	4.175008
C	12	34	0	0	14	76	-0.300000	4.000000
C	12	35	0	0	13	72	-0.300000	3.925404
C	12	36	0	0	13	74	-0.300000	4.471500
C	12	37	0	0	13	76	-0.300000	4.013277
C	12	38	0	0	12	72	-0.300000	3.944812
C	12	39	0	0	12	74	-0.300000	3.547966
C	12	40	0	0	12	76	-0.300000	3.433388
C	12	41	0	0	11	72	-0.300000	3.476911
C	12	42	0	0	11	74	-0.300000	3.595471
C	12	43	0	0	11	76	-0.300000	3.284786
C	12	44	0	0	10	72	-0.300000	3.510927
C	12	45	0	0	10	74	-0.300000	3.966034
C	12	46	0	0	10	76	-0.300000	3.370639
C	12	48	0	0	14	78	-0.300000	3.895485
C	12	49	0	0	14	80	-0.300000	3.462163
C	12	50	0	0	14	82	-0.300000	3.904780
C	12	51	0	0	13	78	-0.300000	3.823974
C	12	52	0	0	13	80	-0.300000	3.963695
C	12	53	0	0	13	82	-0.300000	4.309183
C	12	54	0	0	12	78	-0.300000	4.180294
C	12	55	0	0	12	80	-0.300000	3.651482
C	12	56	0	0	12	82	-0.300000	3.721227
C	12	57	0	0	11	78	-0.300000	3.201154
C	12	58	0	0	11	80	-0.300000	4.083519
C	12	59	0	0	11	82	-0.300000	3.705064
C	12	60	0	0	10	78	-0.300000	3.350765
C	12	61	0	0	10	80	-0.300000	4.310309
C	12	62	0	0	10	82	-0.300000	3.454906
C	16	 0	0	0	14	84	4.400000	3.757210
C	16	 1	0	0	14	86	4.400000	3.937250
C	16	 2	0	0	14	88	4.400000	3.960345
C	16	 3	0	0	13	84	4.400000	4.245836
C	16	 4	0	0	13	86	4.400000	3.805175
C	16	 5	0	0	13	88	4.400000	3.999944
C	16	 6	0	0	12	84	4.400000	4.002935
C	16	 7	0	0	12	86	4.400000	3.649469
C	16	 8	0	0	12	88	4.400000	3.440843
C	16	 9	0	0	11	84	4.400000	3.506034
C	16	10	0	0	11	86	4.400000	3.473776
C	16	11	0	0	11	88	4.400000	3.216056
C	16	12	0	0	10	84	4.400000	3.716878
C	16	13	0	0	10	86	4.400000	3.888041
C	16	14	0	0	10	88	4.400000	3.424730
C	16	16	0	0	14	90	4.400000	3.167014
C	16	17	0	0	14	92	4.400000	3.639145
C	16	18	0	0	14	94	4.400000	3.674336
C	16	19	0	0	13	90	4.400000	3.931212
C	16	20	0	0	13	92	4.400000	4.376225
C	16	21	0	0	13	94	4.400000	3.554626
C	16	22	0	0	12	90	4.400000	4.789858
C	16	23	0	0	12	92	4.400000	3.747236
C	16	24	0	0	12	94	4.400000	3.273039
C	16	25	0	0	11	90	4.400000	3.561784
C	16	26	0	0	11	92	4.400000	3.661793
C	16	27	0	0	11	94	4.400000	4.109563
C	16	28	0	0	10	90	4.400000	3.824685
C	16	29	0	0	10	92	4.400000	4.325948
C	16	30	0	0	10	94	4.400000	3.910015
C	16	32	0	0	14	96	4.400000	3.283148
C	16	33	0	0	14	98	4.400000	3.561547
C	16	35	0	0	13	96	4.400000	4.062163
C	16	36	0	0	13	98	4.400000	3.823246
C	16	38	0	0	12	96	4.400000	3.178434
C	16	39	0	0	12	98	4.400000	2.693554
C	16	41	0	0	11	96	4.400000	3.705966
C	16	42	0	0	11	98	4.400000	3.752365
C	16	44	0	0	10	96	4.400000	2.873649
C	16	45	0	0	10	98	4.400000	2.881267
C	16	48	0	0	 9	0	4.400000	3.640790
C	16	49	0	0	 9	2	4.400000	2.670125
C	16	50	0	0	 9	4	4.400000	4.637694
C	16	51	0	0	 8	0	4.400000	4.605241
C	16	52	0	0	 8	2	4.400000	3.023333
C	16	53	0	0	 8	4	4.400000	4.011209
C	16	54	0	0	 7	0	4.400000	3.139608
C	16	55	0	0	 7	2	4.400000	3.366977
C	16	56	0	0	 7	4	4.400000	3.338613
C	16	57	0	0	 6	0	4.400000	3.757173
C	16	58	0	0	 6	2	4.400000	3.257160
C	16	59	0	0	 6	4	4.400000	3.449624
C	16	60	0	0	 5	0	4.400000	3.092022
C	16	61	0	0	 5	2	4.400000	3.989768
C	16	62	0	0	 5	4	4.400000	3.782839
C	17	 0	0	0	 9	12	4.400000	3.462242
C	17	 1	0	0	 9	14	4.400000	3.803170
C	17	 2	0	0	 9	16	4.400000	3.532873
C	17	 3	0	0	 8	12	4.400000	3.656314
C	17	 4	0	0	 8	14	4.400000	3.124264
C	17	 5	0	0	 8	16	4.400000	3.788892
C	17	 6	0	0	 7	12	4.400000	3.631293
C	17	 7	0	0	 7	14	4.400000	3.986019
C	17	 8	0	0	 7	16	4.400000	4.825815
C	17	 9	0	0	 6	12	4.400000	3.576456
C	17	10	0	0	 6	14	4.400000	3.572278
C	17	11	0	0	 6	16	4.400000	3.740473
C	17	12	0	0	 5	12	4.400000	4.190403
C	17	13	0	0	 5	14	4.400000	3.758399
C	17	14	0	0	 5	16	4.400000	9.764895
C	17	16	0	0	 9	6	4.400000	3.387681
C	17	17	0	0	 9	8	4.400000	3.795600
C	17	18	0	0	 9	10	4.400000	3.658672
C	17	19	0	0	 8	6	4.400000	6.014637
C	17	20	0	0	 8	8	4.400000	4.000000
C	17	21	0	0	 8	10	4.400000	3.345248
C	17	22	0	0	 7	6	4.400000	4.436125
C	17	23	0	0	 7	8	4.400000	3.959597
C	17	24	0	0	 7	10	4.400000	3.098521
C	17	25	0	0	 6	6	4.400000	3.626732
C	17	26	0	0	 6	8	4.400000	3.491250
C	17	27	0	0	 6	10	4.400000	4.260218
C	17	28	0	0	 5	6	4.400000	3.798640
C	17	29	0	0	 5	8	4.400000	4.417474
C	17	30	0	0	 5	10	4.400000	3.328109
C	17	32	0	0	 9	18	4.400000	3.940737
C	17	33	0	0	 9	20	4.400000	3.253209
C	17	34	0	0	 9	22	4.400000	3.837595
C	17	35	0	0	 8	18	4.400000	3.896397
C	17	36	0	0	 8	20	4.400000	5.165291
C	17	37	0	0	 8	22	4.400000	3.188466
C	17	38	0	0	 7	18	4.400000	3.665939
C	17	39	0	0	 7	20	4.400000	4.393966
C	17	40	0	0	 7	22	4.400000	11.709337
C	17	41	0	0	 6	18	4.400000	2.940410
C	17	42	0	0	 6	20	4.400000	3.551174
C	17	43	0	0	 6	22	4.400000	3.210036
C	17	44	0	0	 5	18	4.400000	4.054711
C	17	45	0	0	 5	20	4.400000	5.058969
C	17	46	0	0	 5	22	4.400000	7.521803
C	17	48	0	0	 9	24	4.400000	4.072579
C	17	49	0	0	 9	26	4.400000	13.489640
C	17	50	0	0	 9	28	4.400000	3.661438
C	17	51	0	0	 8	24	4.400000	3.087370
C	17	52	0	0	 8	26	4.400000	4.218450
C	17	53	0	0	 8	28	4.400000	3.559447
C	17	54	0	0	 7	24	4.400000	3.264069
C	17	55	0	0	 7	26	4.400000	13.548779
C	17	56	0	0	 7	28	4.400000	3.711265
C	17	57	0	0	 6	24	4.400000	3.655348
C	17	58	0	0	 6	26	4.400000	3.947305
C	17	59	0	0	 6	28	4.400000	4.009943
C	17	60	0	0	 5	24	4.400000	3.302625
C	17	61	0	0	 5	26	4.400000	3.932967
C	17	62	0	0	 5	28	4.400000	3.472787
C	18	 0	0	0	 9	30	2.800000	4.000000
C	18	 1	0	0	 9	32	2.800000	3.774055
C	18	 2	0	0	 9	34	2.800000	3.501308
C	18	 3	0	0	 8	30	2.800000	3.531048
C	18	 4	0	0	 8	32	2.800000	5.279412
C	18	 5	0	0	 8	34	2.800000	3.258483
C	18	 6	0	0	 7	30	2.800000	3.515336
C	18	 7	0	0	 7	32	2.800000	4.063206
C	18	 8	0	0	 7	34	2.800000	4.039231
C	18	 9	0	0	 6	30	2.800000	4.048911
C	18	10	0	0	 6	32	2.800000	4.273495
C	18	11	0	0	 6	34	2.800000	2.998722
C	18	12	0	0	 5	30	2.800000	3.222953
C	18	13	0	0	 5	32	2.800000	3.980019
C	18	14	0	0	 5	34	2.800000	3.966333
C	18	16	0	0	 9	36	2.800000	7.431824
C	18	17	0	0	 9	38	2.800000	4.233187
C	18	18	0	0	 9	40	2.800000	4.160508
C	18	19	0	0	 8	36	2.800000	11.891821
C	18	20	0	0	 8	38	2.800000	3.429798
C	18	21	0	0	 8	40	2.800000	3.804075
C	18	22	0	0	 7	36	2.800000	11.358442
C	18	23	0	0	 7	38	2.800000	3.353615
C	18	24	0	0	 7	40	2.800000	3.488536
C	18	25	0	0	 6	36	2.800000	4.685561
C	18	26	0	0	 6	38	2.800000	6.379091
C	18	27	0	0	 6	40	2.800000	3.513421
C	18	28	0	0	 5	36	2.800000	5.699478
C	18	29	0	0	 5	38	2.800000	5.192296
C	18	30	0	0	 5	40	2.800000	4.127056
C	18	32	0	0	 9	42	2.800000	3.384352
C	18	33	0	0	 9	44	2.800000	3.479771
C	18	34	0	0	 9	46	2.800000	4.107097
C	18	35	0	0	 8	42	2.800000	3.811018
C	18	36	0	0	 8	44	2.800000	4.223954
C	18	37	0	0	 8	46	2.800000	3.655585
C	18	38	0	0	 7	42	2.800000	3.701096
C	18	39	0	0	 7	44	2.800000	3.571450
C	18	40	0	0	 7	46	2.800000	3.750723
C	18	41	0	0	 6	42	2.800000	3.517835
C	18	42	0	0	 6	44	2.800000	3.540390
C	18	43	0	0	 6	46	2.800000	3.399858
C	18	44	0	0	 5	42	2.800000	4.312431
C	18	45	0	0	 5	44	2.800000	3.121634
C	18	46	0	0	 5	46	2.800000	4.047628
C	18	48	0	0	 9	48	2.800000	4.596999
C	18	49	0	0	 9	50	2.800000	4.719178
C	18	50	0	0	 9	52	2.800000	3.360625
C	18	51	0	0	 8	48	2.800000	3.643630
C	18	52	0	0	 8	50	2.800000	5.667254
C	18	53	0	0	 8	52	2.800000	4.308337
C	18	54	0	0	 7	48	2.800000	4.000000
C	18	55	0	0	 7	50	2.800000	3.518321
C	18	56	0	0	 7	52	2.800000	3.365185
C	18	57	0	0	 6	48	2.800000	3.870924
C	18	58	0	0	 6	50	2.800000	3.875488
C	18	59	0	0	 6	52	2.800000	5.141850
C	18	60	0	0	 5	48	2.800000	3.874893
C	18	61	0	0	 5	50	2.800000	3.730904
C	18	62	0	0	 5	52	2.800000	3.557346
C	19	 0	0	0	 9	54	1.500000	3.305759
C	19	 1	0	0	 9	56	1.500000	3.504326
C	19	 2	0	0	 9	58	1.500000	3.425548
C	19	 3	0	0	 8	54	1.500000	3.784813
C	19	 4	0	0	 8	56	1.500000	3.757647
C	19	 5	0	0	 8	58	1.500000	3.472422
C	19	 6	0	0	 7	54	1.500000	3.996170
C	19	 7	0	0	 7	56	1.500000	4.320460
C	19	 8	0	0	 7	58	1.500000	3.702081
C	19	 9	0	0	 6	54	1.500000	3.144647
C	19	10	0	0	 6	56	1.500000	3.689905
C	19	11	0	0	 6	58	1.500000	3.214073
C	19	12	0	0	 5	54	1.500000	4.000000
C	19	13	0	0	 5	56	1.500000	3.606667
C	19	14	0	0	 5	58	1.500000	3.985065
C	19	16	0	0	 9	60	1.500000	3.342804
C	19	17	0	0	 9	62	1.500000	3.663903
C	19	18	0	0	 9	64	1.500000	3.839286
C	19	19	0	0	 8	60	1.500000	3.396111
C	19	20	0	0	 8	62	1.500000	3.243767
C	19	21	0	0	 8	64	1.500000	3.900329
C	19	22	0	0	 7	60	1.500000	3.294596
C	19	23	0	0	 7	62	1.500000	4.166389
C	19	24	0	0	 7	64	1.500000	3.779556
C	19	25	0	0	 6	60	1.500000	3.302425
C	19	26	0	0	 6	62	1.500000	3.493494
C	19	27	0	0	 6	64	1.500000	3.288970
C	19	28	0	0	 5	60	1.500000	3.452179
C	19	29	0	0	 5	62	1.500000	4.214758
C	19	30	0	0	 5	64	1.500000	3.276945
C	19	32	0	0	 9	66	1.500000	4.236634
C	19	33	0	0	 9	68	1.500000	4.165154
C	19	34	0	0	 9	70	1.500000	3.596218
C	19	35	0	0	 8	66	1.500000	3.891919
C	19	36	0	0	 8	68	1.500000	3.166200
C	19	37	0	0	 8	70	1.500000	3.459954
C	19	38	0	0	 7	66	1.500000	3.926182
C	19	39	0	0	 7	68	1.500000	3.135695
C	19	40	0	0	 7	70	1.500000	4.196495
C	19	41	0	0	 6	66	1.500000	3.511406
C	19	42	0	0	 6	68	1.500000	3.501581
C	19	43	0	0	 6	70	1.500000	3.897032
C	19	44	0	0	 5	66	1.500000	3.811620
C	19	45	0	0	 5	68	1.500000	3.902720
C	19	46	0	0	 5	70	1.500000	3.528148
C	19	48	0	0	 9	72	1.500000	3.912923
C	19	49	0	0	 9	74	1.500000	3.503296
C	19	50	0	0	 9	76	1.500000	3.734435
C	19	51	0	0	 8	72	1.500000	3.745519
C	19	52	0	0	 8	74	1.500000	3.797839
C	19	53	0	0	 8	76	1.500000	3.018234
C	19	54	0	0	 7	72	1.500000	4.100407
C	19	55	0	0	 7	74	1.500000	3.643303
C	19	56	0	0	 7	76	1.500000	4.054197
C	19	57	0	0	 6	72	1.500000	4.218339
C	19	58	0	0	 6	74	1.500000	3.619468
C	19	59	0	0	 6	76	1.500000	3.591632
C	19	60	0	0	 5	72	1.500000	3.993171
C	19	61	0	0	 5	74	1.500000	3.819380
C	19	62	0	0	 5	76	1.500000	3.863174
C	20	 0	0	0	 9	78	0.600000	3.597969
C	20	 1	0	0	 9	80	0.600000	3.459719
C	20	 2	0	0	 9	82	0.600000	4.076147
C	20	 3	0	0	 8	78	0.600000	3.888992
C	20	 4	0	0	 8	80	0.600000	4.000000
C	20	 5	0	0	 8	82	0.600000	3.240300
C	20	 6	0	0	 7	78	0.600000	4.077495
C	20	 7	0	0	 7	80	0.600000	4.176903
C	20	 8	0	0	 7	82	0.600000	3.619400
C	20	 9	0	0	 6	78	0.600000	4.161642
C	20	10	0	0	 6	80	0.600000	3.397197
C	20	11	0	0	 6	82	0.600000	4.396923
C	20	12	0	0	 5	78	0.600000	3.901494
C	20	13	0	0	 5	80	0.600000	3.889334
C	20	14	0	0	 5	82	0.600000	3.621892
C	20	16	0	0	 9	84	0.600000	3.274837
C	20	17	0	0	 9	86	0.600000	3.525757
C	20	18	0	0	 9	88	0.600000	3.199558
C	20	19	0	0	 8	84	0.600000	3.672938
C	20	20	0	0	 8	86	0.600000	4.273755
C	20	21	0	0	 8	88	0.600000	4.778085
C	20	22	0	0	 7	84	0.600000	3.396283
C	20	23	0	0	 7	86	0.600000	4.375231
C	20	24	0	0	 7	88	0.600000	4.288554
C	20	25	0	0	 6	84	0.600000	3.750368
C	20	26	0	0	 6	86	0.600000	4.868186
C	20	27	0	0	 6	88	0.600000	3.538919
C	20	28	0	0	 5	84	0.600000	3.878404
C	20	29	0	0	 5	86	0.600000	2.856830
C	20	30	0	0	 5	88	0.600000	3.468085
C	20	32	0	0	 9	90	0.600000	3.673372
C	20	33	0	0	 9	92	0.600000	4.027081
C	20	34	0	0	 9	94	0.600000	3.409426
C	20	35	0	0	 8	90	0.600000	3.661764
C	20	36	0	0	 8	92	0.600000	3.691212
C	20	37	0	0	 8	94	0.600000	3.679332
C	20	38	0	0	 7	90	0.600000	4.503866
C	20	39	0	0	 7	92	0.600000	4.361771
C	20	40	0	0	 7	94	0.600000	4.197269
C	20	41	0	0	 6	90	0.600000	3.892660
C	20	42	0	0	 6	92	0.600000	3.383394
C	20	43	0	0	 6	94	0.600000	3.505077
C	20	44	0	0	 5	90	0.600000	3.343105
C	20	45	0	0	 5	92	0.600000	4.136382
C	20	46	0	0	 5	94	0.600000	6.384474
C	20	48	0	0	 9	96	0.600000	3.824268
C	20	49	0	0	 9	98	0.600000	4.352856
C	20	51	0	0	 8	96	0.600000	4.036596
C	20	52	0	0	 8	98	0.600000	4.494634
C	20	54	0	0	 7	96	0.600000	5.001008
C	20	55	0	0	 7	98	0.600000	4.000000
C	20	57	0	0	 6	96	0.600000	3.986325
C	20	58	0	0	 6	98	0.600000	4.439414
C	20	60	0	0	 5	96	0.600000	3.541099
C	20	61	0	0	 5	98	0.600000	4.110441
C	24	 0	0	0	 4	0	-1.500000	3.566599
C	24	 1	0	0	 4	2	-1.500000	3.778986
C	24	 2	0	0	 4	4	-1.500000	3.381294
C	24	 3	0	0	 3	0	-1.500000	3.102557
C	24	 4	0	0	 3	2	-1.500000	4.320827
C	24	 5	0	0	 3	4	-1.500000	3.795844
C	24	 6	0	0	 2	0	-1.500000	4.205263
C	24	 7	0	0	 2	2	-1.500000	4.672335
C	24	 8	0	0	 2	4	-1.500000	3.785942
C	24	 9	0	0	 1	0	-1.500000	3.505741
C	24	10	0	0	 1	2	-1.500000	3.956011
C	24	11	0	0	 1	4	-1.500000	3.567469
C	24	12	0	0	 0	0	-1.500000	3.121998
C	24	13	0	0	 0	2	-1.500000	3.686745
C	24	14	0	0	 0	4	-1.500000	3.154303
C	24	16	0	0	 4	6	-1.500000	3.950041
C	24	17	0	0	 4	8	-1.500000	3.369302
C	24	18	0	0	 4	10	-1.500000	3.309775
C	24	19	0	0	 3	6	-1.500000	3.480361
C	24	20	0	0	 3	8	-1.500000	3.886716
C	24	21	0	0	 3	10	-1.500000	3.476283
C	24	22	0	0	 2	6	-1.500000	3.551299
C	24	23	0	0	 2	8	-1.500000	3.255583
C	24	24	0	0	 2	10	-1.500000	4.000000
C	24	25	0	0	 1	6	-1.500000	3.980496
C	24	26	0	0	 1	8	-1.500000	4.020879
C	24	27	0	0	 1	10	-1.500000	3.140350
C	24	28	0	0	 0	6	-1.500000	3.938795
C	24	29	0	0	 0	8	-1.500000	4.017756
C	24	30	0	0	 0	10	-1.500000	5.007398
C	24	32	0	0	 4	12	-1.500000	3.400214
C	24	33	0	0	 4	14	-1.500000	3.825361
C	24	34	0	0	 4	16	-1.500000	3.408714
C	24	35	0	0	 3	12	-1.500000	4.000000
C	24	36	0	0	 3	14	-1.500000	3.523103
C	24	37	0	0	 3	16	-1.500000	3.965032
C	24	38	0	0	 2	12	-1.500000	3.328030
C	24	39	0	0	 2	14	-1.500000	3.303064
C	24	40	0	0	 2	16	-1.500000	3.509960
C	24	41	0	0	 1	12	-1.500000	3.212241
C	24	42	0	0	 1	14	-1.500000	3.708546
C	24	43	0	0	 1	16	-1.500000	3.863431
C	24	44	0	0	 0	12	-1.500000	3.481708
C	24	45	0	0	 0	14	-1.500000	4.020309
C	24	46	0	0	 0	16	-1.500000	5.271280
C	24	48	0	0	 4	18	-1.500000	3.859220
C	24	49	0	0	 4	20	-1.500000	4.035511
C	24	50	0	0	 4	22	-1.500000	5.742685
C	24	51	0	0	 3	18	-1.500000	3.366636
C	24	52	0	0	 3	20	-1.500000	3.285947
C	24	53	0	0	 3	22	-1.500000	4.225671
C	24	54	0	0	 2	18	-1.500000	3.211005
C	24	55	0	0	 2	20	-1.500000	2.965693
C	24	56	0	0	 2	22	-1.500000	11.847662
C	24	57	0	0	 1	18	-1.500000	3.870236
C	24	58	0	0	 1	20	-1.500000	4.339418
C	24	59	0	0	 1	22	-1.500000	5.085657
C	24	60	0	0	 0	18	-1.500000	3.517302
C	24	61	0	0	 0	20	-1.500000	4.323865
C	24	62	0	0	 0	22	-1.500000	4.962751
C	23	 0	0	0	 4	24	-1.400000	3.612621
C	23	 1	0	0	 4	26	-1.400000	4.000000
C	23	 2	0	0	 4	28	-1.400000	3.616709
C	23	 3	0	0	 3	24	-1.400000	3.292432
C	23	 4	0	0	 3	26	-1.400000	5.785660
C	23	 5	0	0	 3	28	-1.400000	3.537111
C	23	 6	0	0	 2	24	-1.400000	3.023591
C	23	 7	0	0	 2	26	-1.400000	4.867093
C	23	 8	0	0	 2	28	-1.400000	4.857293
C	23	 9	0	0	 1	24	-1.400000	3.645739
C	23	10	0	0	 1	26	-1.400000	4.279045
C	23	11	0	0	 1	28	-1.400000	3.208304
C	23	12	0	0	 0	24	-1.400000	9.381907
C	23	13	0	0	 0	26	-1.400000	3.856158
C	23	14	0	0	 0	28	-1.400000	3.560616
C	23	16	0	0	 4	30	-1.400000	5.853914
C	23	17	0	0	 4	32	-1.400000	4.231503
C	23	18	0	0	 4	34	-1.400000	3.978810
C	23	19	0	0	 3	30	-1.400000	4.819466
C	23	20	0	0	 3	32	-1.400000	3.953136
C	23	21	0	0	 3	34	-1.400000	3.644782
C	23	22	0	0	 2	30	-1.400000	4.000000
C	23	23	0	0	 2	32	-1.400000	3.811680
C	23	24	0	0	 2	34	-1.400000	3.524588
C	23	25	0	0	 1	30	-1.400000	13.094610
C	23	26	0	0	 1	32	-1.400000	3.485159
C	23	27	0	0	 1	34	-1.400000	3.396960
C	23	28	0	0	 0	30	-1.400000	4.795730
C	23	29	0	0	 0	32	-1.400000	4.063485
C	23	30	0	0	 0	34	-1.400000	3.887168
C	23	32	0	0	 4	36	-1.400000	3.617986
C	23	33	0	0	 4	38	-1.400000	5.326654
C	23	34	0	0	 4	40	-1.400000	3.582710
C	23	35	0	0	 3	36	-1.400000	6.467430
C	23	36	0	0	 3	38	-1.400000	5.011089
C	23	37	0	0	 3	40	-1.400000	3.907803
C	23	38	0	0	 2	36	-1.400000	4.000000
C	23	39	0	0	 2	38	-1.400000	9.970680
C	23	40	0	0	 2	40	-1.400000	4.584249
C	23	41	0	0	 1	36	-1.400000	5.991584
C	23	42	0	0	 1	38	-1.400000	3.764333
C	23	43	0	0	 1	40	-1.400000	3.882383
C	23	44	0	0	 0	36	-1.400000	12.853657
C	23	45	0	0	 0	38	-1.400000	3.774647
C	23	46	0	0	 0	40	-1.400000	3.872595
C	23	48	0	0	 4	42	-1.400000	4.730775
C	23	49	0	0	 4	44	-1.400000	4.166603
C	23	50	0	0	 4	46	-1.400000	3.267612
C	23	51	0	0	 3	42	-1.400000	3.197926
C	23	52	0	0	 3	44	-1.400000	3.828369
C	23	53	0	0	 3	46	-1.400000	3.562987
C	23	54	0	0	 2	42	-1.400000	3.517556
C	23	55	0	0	 2	44	-1.400000	3.790507
C	23	56	0	0	 2	46	-1.400000	3.770468
C	23	57	0	0	 1	42	-1.400000	3.564260
C	23	58	0	0	 1	44	-1.400000	3.674867
C	23	59	0	0	 1	46	-1.400000	3.532801
C	23	60	0	0	 0	42	-1.400000	5.102170
C	23	61	0	0	 0	44	-1.400000	3.093845
C	23	62	0	0	 0	46	-1.400000	3.509030
C	22	32	0	0	 4	48	-0.300000	3.419695
C	22	33	0	0	 4	50	-0.300000	3.965892
C	22	34	0	0	 4	52	-0.300000	9.557248
C	22	35	0	0	 3	48	-0.300000	4.281435
C	22	36	0	0	 3	50	-0.300000	4.791647
C	22	37	0	0	 3	52	-0.300000	6.028841
C	22	38	0	0	 2	48	-0.300000	3.894583
C	22	39	0	0	 2	50	-0.300000	3.444602
C	22	40	0	0	 2	52	-0.300000	4.304663
C	22	41	0	0	 1	48	-0.300000	3.637143
C	22	42	0	0	 1	50	-0.300000	3.953702
C	22	43	0	0	 1	52	-0.300000	3.768068
C	22	44	0	0	 0	48	-0.300000	4.375469
C	22	45	0	0	 0	50	-0.300000	3.909084
C	22	46	0	0	 0	52	-0.300000	4.405020
C	22	48	0	0	 4	54	-0.300000	3.676913
C	22	49	0	0	 4	56	-0.300000	4.586072
C	22	50	0	0	 4	58	-0.300000	4.319537
C	22	51	0	0	 3	54	-0.300000	4.011245
C	22	52	0	0	 3	56	-0.300000	3.347452
C	22	53	0	0	 3	58	-0.300000	3.757942
C	22	54	0	0	 2	54	-0.300000	3.221911
C	22	55	0	0	 2	56	-0.300000	3.150444
C	22	56	0	0	 2	58	-0.300000	3.362717
C	22	57	0	0	 1	54	-0.300000	3.233024
C	22	58	0	0	 1	56	-0.300000	3.616026
C	22	59	0	0	 1	58	-0.300000	4.392421
C	22	60	0	0	 0	54	-0.300000	3.686804
C	22	61	0	0	 0	56	-0.300000	3.674236
C	22	62	0	0	 0	58	-0.300000	3.714852
C	22	 0	0	0	 4	60	-0.300000	3.427101
C	22	 1	0	0	 4	62	-0.300000	3.539991
C	22	 2	0	0	 4	64	-0.300000	2.977528
C	22	 3	0	0	 3	60	-0.300000	4.100679
C	22	 4	0	0	 3	62	-0.300000	3.928446
C	22	 5	0	0	 3	64	-0.300000	3.644427
C	22	 6	0	0	 2	60	-0.300000	4.428091
C	22	 7	0	0	 2	62	-0.300000	3.802456
C	22	 8	0	0	 2	64	-0.300000	3.359231
C	22	 9	0	0	 1	60	-0.300000	3.458178
C	22	10	0	0	 1	62	-0.300000	3.345887
C	22	11	0	0	 1	64	-0.300000	3.919546
C	22	12	0	0	 0	60	-0.300000	5.191881
C	22	13	0	0	 0	62	-0.300000	4.301510
C	22	14	0	0	 0	64	-0.300000	3.805693
C	22	16	0	0	 4	66	-0.300000	3.766040
C	22	17	0	0	 4	68	-0.300000	4.281781
C	22	18	0	0	 4	70	-0.300000	3.574060
C	22	19	0	0	 3	66	-0.300000	4.231577
C	22	20	0	0	 3	68	-0.300000	3.636525
C	22	21	0	0	 3	70	-0.300000	3.897202
C	22	22	0	0	 2	66	-0.300000	3.582427
C	22	23	0	0	 2	68	-0.300000	3.751134
C	22	24	0	0	 2	70	-0.300000	3.509084
C	22	25	0	0	 1	66	-0.300000	3.820035
C	22	26	0	0	 1	68	-0.300000	3.918221
C	22	27	0	0	 1	70	-0.300000	4.223294
C	22	28	0	0	 0	66	-0.300000	3.513799
C	22	29	0	0	 0	68	-0.300000	3.852159
C	22	30	0	0	 0	70	-0.300000	4.033295
C	21	 0	0	0	 4	72	0.800000	3.880399
C	21	 1	0	0	 4	74	0.800000	3.707951
C	21	 2	0	0	 4	76	0.800000	4.115687
C	21	 3	0	0	 3	72	0.800000	3.667816
C	21	 4	0	0	 3	74	0.800000	3.618681
C	21	 5	0	0	 3	76	0.800000	3.611067
C	21	 6	0	0	 2	72	0.800000	3.507885
C	21	 7	0	0	 2	74	0.800000	3.469454
C	21	 8	0	0	 2	76	0.800000	3.504857
C	21	 9	0	0	 1	72	0.800000	4.015621
C	21	10	0	0	 1	74	0.800000	3.902668
C	21	11	0	0	 1	76	0.800000	4.169360
C	21	12	0	0	 0	72	0.800000	3.525356
C	21	13	0	0	 0	74	0.800000	3.758062
C	21	14	0	0	 0	76	0.800000	3.251950
C	21	16	0	0	 4	78	0.800000	3.916598
C	21	17	0	0	 4	80	0.800000	3.792667
C	21	18	0	0	 4	82	0.800000	5.030864
C	21	19	0	0	 3	78	0.800000	3.664722
C	21	20	0	0	 3	80	0.800000	4.213026
C	21	21	0	0	 3	82	0.800000	3.072563
C	21	22	0	0	 2	78	0.800000	4.076773
C	21	23	0	0	 2	80	0.800000	3.769930
C	21	24	0	0	 2	82	0.800000	3.577939
C	21	25	0	0	 1	78	0.800000	3.544808
C	21	26	0	0	 1	80	0.800000	3.407819
C	21	27	0	0	 1	82	0.800000	3.789178
C	21	28	0	0	 0	78	0.800000	3.449023
C	21	29	0	0	 0	80	0.800000	4.231833
C	21	30	0	0	 0	82	0.800000	4.238991
C	21	32	0	0	 4	84	0.800000	4.045671
C	21	33	0	0	 4	86	0.800000	3.508440
C	21	34	0	0	 4	88	0.800000	5.486621
C	21	35	0	0	 3	84	0.800000	3.853203
C	21	36	0	0	 3	86	0.800000	3.924371
C	21	37	0	0	 3	88	0.800000	3.384981
C	21	38	0	0	 2	84	0.800000	3.590620
C	21	39	0	0	 2	86	0.800000	3.470155
C	21	40	0	0	 2	88	0.800000	4.441991
C	21	41	0	0	 1	84	0.800000	3.651392
C	21	42	0	0	 1	86	0.800000	4.218391
C	21	43	0	0	 1	88	0.800000	3.069820
C	21	44	0	0	 0	84	0.800000	3.533323
C	21	45	0	0	 0	86	0.800000	4.556815
C	21	46	0	0	 0	88	0.800000	3.980814
C	21	48	0	0	 4	90	0.800000	4.037584
C	21	49	0	0	 4	92	0.800000	3.941073
C	21	50	0	0	 4	94	0.800000	3.776440
C	21	51	0	0	 3	90	0.800000	3.465229
C	21	52	0	0	 3	92	0.800000	4.283616
C	21	53	0	0	 3	94	0.800000	3.716115
C	21	54	0	0	 2	90	0.800000	4.291861
C	21	55	0	0	 2	92	0.800000	4.412551
C	21	56	0	0	 2	94	0.800000	4.161931
C	21	57	0	0	 1	90	0.800000	5.938738
C	21	58	0	0	 1	92	0.800000	3.635740
C	21	59	0	0	 1	94	0.800000	3.916525
C	21	60	0	0	 0	90	0.800000	3.785932
C	21	61	0	0	 0	92	0.800000	4.405405
C	21	62	0	0	 0	94	0.800000	3.779007
C	25	 0	0	0	 4	96	-2.700000	3.573564
C	25	 1	0	0	 4	98	-2.700000	3.982508
C	25	 3	0	0	 3	96	-2.700000	3.839914
C	25	 4	0	0	 3	98	-2.700000	3.782872
C	25	 6	0	0	 2	96	-2.700000	3.898612
C	25	 7	0	0	 2	98	-2.700000	5.251308
C	25	 9	0	0	 1	96	-2.700000	3.851076
C	25	10	0	0	 1	98	-2.700000	5.099559
C	25	12	0	0	 0	96	-2.700000	4.080302
C	25	13	0	0	 0	98	-2.700000	4.563206
C	26	 0	0	1	 0	1	-0.200000	4.483779
C	26	 1	0	1	 0	3	-0.200000	3.727601
C	26	 2	0	1	 0	5	-0.200000	3.125188
C	26	 3	0	1	 1	1	-0.200000	3.977367
C	26	 4	0	1	 1	3	-0.200000	3.547043
C	26	 5	0	1	 1	5	-0.200000	4.146700
C	26	 6	0	1	 2	1	-0.200000	3.181243
C	26	 7	0	1	 2	3	-0.200000	4.899971
C	26	 8	0	1	 2	5	-0.200000	3.460814
C	26	 9	0	1	 3	1	-0.200000	4.597313
C	26	10	0	1	 3	3	-0.200000	3.435851
C	26	11	0	1	 3	5	-0.200000	3.782928
C	26	12	0	1	 4	1	-0.200000	3.524928
C	26	13	0	1	 4	3	-0.200000	4.244531
C	26	14	0	1	 4	5	-0.200000	3.585819
C	26	16	0	1	 0	7	-0.200000	3.668356
C	26	17	0	1	 0	9	-0.200000	3.015370
C	26	18	0	1	 0	11	-0.200000	3.757295
C	26	19	0	1	 1	7	-0.200000	3.433538
C	26	20	0	1	 1	9	-0.200000	3.735804
C	26	21	0	1	 1	11	-0.200000	3.936220
C	26	22	0	1	 2	7	-0.200000	3.806491
C	26	23	0	1	 2	9	-0.200000	2.960038
C	26	24	0	1	 2	11	-0.200000	3.865278
C	26	25	0	1	 3	7	-0.200000	3.696165
C	26	26	0	1	 3	9	-0.200000	3.445621
C	26	27	0	1	 3	11	-0.200000	3.433790
C	26	28	0	1	 4	7	-0.200000	3.839150
C	26	29	0	1	 4	9	-0.200000	4.274513
C	26	30	0	1	 4	11	-0.200000	4.378909
C	26	32	0	1	 0	13	-0.200000	3.418493
C	26	33	0	1	 0	15	-0.200000	4.000000
C	26	34	0	1	 0	17	-0.200000	3.750991
C	26	35	0	1	 1	13	-0.200000	3.701974
C	26	36	0	1	 1	15	-0.200000	3.535534
C	26	37	0	1	 1	17	-0.200000	3.526517
C	26	38	0	1	 2	13	-0.200000	3.697877
C	26	39	0	1	 2	15	-0.200000	3.144442
C	26	40	0	1	 2	17	-0.200000	3.236579
C	26	41	0	1	 3	13	-0.200000	3.592318
C	26	42	0	1	 3	15	-0.200000	3.479990
C	26	43	0	1	 3	17	-0.200000	4.777327
C	26	44	0	1	 4	13	-0.200000	3.973273
C	26	45	0	1	 4	15	-0.200000	3.904833
C	26	46	0	1	 4	17	-0.200000	7.453524
C	26	48	0	1	 0	19	-0.200000	3.834497
C	26	49	0	1	 0	21	-0.200000	4.000000
C	26	50	0	1	 0	23	-0.200000	4.167896
C	26	51	0	1	 1	19	-0.200000	4.338950
C	26	52	0	1	 1	21	-0.200000	5.511784
C	26	53	0	1	 1	23	-0.200000	5.754709
C	26	54	0	1	 2	19	-0.200000	3.432014
C	26	55	0	1	 2	21	-0.200000	5.571238
C	26	56	0	1	 2	23	-0.200000	3.694376
C	26	57	0	1	 3	19	-0.200000	3.259664
C	26	58	0	1	 3	21	-0.200000	3.153559
C	26	59	0	1	 3	23	-0.200000	4.169821
C	26	60	0	1	 4	19	-0.200000	3.119067
C	26	61	0	1	 4	21	-0.200000	3.894221
C	26	62	0	1	 4	23	-0.200000	4.688464
C	27	 0	0	1	 0	25	3.700000	3.422029
C	27	 1	0	1	 0	27	3.700000	3.457993
C	27	 2	0	1	 0	29	3.700000	4.801823
C	27	 3	0	1	 1	25	3.700000	3.161869
C	27	 4	0	1	 1	27	3.700000	5.061975
C	27	 5	0	1	 1	29	3.700000	6.141093
C	27	 6	0	1	 2	25	3.700000	3.735278
C	27	 7	0	1	 2	27	3.700000	8.082228
C	27	 8	0	1	 2	29	3.700000	11.248955
C	27	 9	0	1	 3	25	3.700000	3.553230
C	27	10	0	1	 3	27	3.700000	3.328781
C	27	11	0	1	 3	29	3.700000	4.840727
C	27	12	0	1	 4	25	3.700000	3.753105
C	27	13	0	1	 4	27	3.700000	4.644873
C	27	14	0	1	 4	29	3.700000	6.104573
C	27	16	0	1	 0	31	3.700000	3.462505
C	27	17	0	1	 0	33	3.700000	3.989632
C	27	18	0	1	 0	35	3.700000	6.006132
C	27	19	0	1	 1	31	3.700000	3.522389
C	27	20	0	1	 1	33	3.700000	3.522285
C	27	21	0	1	 1	35	3.700000	4.605222
C	27	22	0	1	 2	31	3.700000	3.881336
C	27	23	0	1	 2	33	3.700000	3.630455
C	27	24	0	1	 2	35	3.700000	3.367201
C	27	25	0	1	 3	31	3.700000	3.359820
C	27	26	0	1	 3	33	3.700000	3.315161
C	27	27	0	1	 3	35	3.700000	4.364571
C	27	28	0	1	 4	31	3.700000	4.781502
C	27	29	0	1	 4	33	3.700000	3.761321
C	27	30	0	1	 4	35	3.700000	5.812002
C	27	32	0	1	 0	37	3.700000	3.925418
C	27	33	0	1	 0	39	3.700000	5.103790
C	27	34	0	1	 0	41	3.700000	4.201880
C	27	35	0	1	 1	37	3.700000	3.508694
C	27	36	0	1	 1	39	3.700000	5.627202
C	27	37	0	1	 1	41	3.700000	4.054711
C	27	38	0	1	 2	37	3.700000	11.162839
C	27	39	0	1	 2	39	3.700000	11.618132
C	27	40	0	1	 2	41	3.700000	4.022945
C	27	41	0	1	 3	37	3.700000	4.391205
C	27	42	0	1	 3	39	3.700000	6.117697
C	27	43	0	1	 3	41	3.700000	3.489370
C	27	44	0	1	 4	37	3.700000	4.445033
C	27	45	0	1	 4	39	3.700000	6.110905
C	27	46	0	1	 4	41	3.700000	3.633040
C	27	48	0	1	 0	43	3.700000	4.270490
C	27	49	0	1	 0	45	3.700000	4.030772
C	27	50	0	1	 0	47	3.700000	3.387345
C	27	51	0	1	 1	43	3.700000	3.429518
C	27	52	0	1	 1	45	3.700000	4.000000
C	27	53	0	1	 1	47	3.700000	3.315548
C	27	54	0	1	 2	43	3.700000	3.794631
C	27	55	0	1	 2	45	3.700000	3.910027
C	27	56	0	1	 2	47	3.700000	3.909931
C	27	57	0	1	 3	43	3.700000	3.876906
C	27	58	0	1	 3	45	3.700000	3.532115
C	27	59	0	1	 3	47	3.700000	4.136507
C	27	60	0	1	 4	43	3.700000	3.192230
C	27	61	0	1	 4	45	3.700000	4.100234
C	27	62	0	1	 4	47	3.700000	3.320435
C	28	48	0	1	 0	49	3.800000	3.537209
C	28	49	0	1	 0	51	3.800000	8.296679
C	28	50	0	1	 0	53	3.800000	3.410568
C	28	51	0	1	 1	49	3.800000	3.674867
C	28	52	0	1	 1	51	3.800000	4.039962
C	28	53	0	1	 1	53	3.800000	3.528660
C	28	54	0	1	 2	49	3.800000	3.472946
C	28	55	0	1	 2	51	3.800000	4.857752
C	28	56	0	1	 2	53	3.800000	4.105661
C	28	57	0	1	 3	49	3.800000	3.632386
C	28	58	0	1	 3	51	3.800000	4.170938
C	28	59	0	1	 3	53	3.800000	3.020296
C	28	60	0	1	 4	49	3.800000	4.069062
C	28	61	0	1	 4	51	3.800000	3.513596
C	28	62	0	1	 4	53	3.800000	3.797843
C	28	 0	0	1	 0	55	3.800000	3.310395
C	28	 1	0	1	 0	57	3.800000	3.947321
C	28	 2	0	1	 0	59	3.800000	3.682045
C	28	 3	0	1	 1	55	3.800000	4.386765
C	28	 4	0	1	 1	57	3.800000	4.250954
C	28	 5	0	1	 1	59	3.800000	3.751757
C	28	 6	0	1	 2	55	3.800000	3.267544
C	28	 7	0	1	 2	57	3.800000	3.309326
C	28	 8	0	1	 2	59	3.800000	4.059802
C	28	 9	0	1	 3	55	3.800000	3.497635
C	28	10	0	1	 3	57	3.800000	2.978628
C	28	11	0	1	 3	59	3.800000	4.575060
C	28	12	0	1	 4	55	3.800000	4.106516
C	28	13	0	1	 4	57	3.800000	3.175165
C	28	14	0	1	 4	59	3.800000	3.639843
C	28	16	0	1	 0	61	3.800000	3.285177
C	28	17	0	1	 0	63	3.800000	3.708136
C	28	18	0	1	 0	65	3.800000	3.426355
C	28	19	0	1	 1	61	3.800000	3.823109
C	28	20	0	1	 1	63	3.800000	4.345973
C	28	21	0	1	 1	65	3.800000	3.979661
C	28	22	0	1	 2	61	3.800000	5.744216
C	28	23	0	1	 2	63	3.800000	3.502884
C	28	24	0	1	 2	65	3.800000	4.082340
C	28	25	0	1	 3	61	3.800000	3.378216
C	28	26	0	1	 3	63	3.800000	4.084030
C	28	27	0	1	 3	65	3.800000	3.795611
C	28	28	0	1	 4	61	3.800000	3.722038
C	28	29	0	1	 4	63	3.800000	3.446211
C	28	30	0	1	 4	65	3.800000	4.123689
C	28	32	0	1	 0	67	3.800000	3.536405
C	28	33	0	1	 0	69	3.800000	3.340183
C	28	34	0	1	 0	71	3.800000	3.413956
C	28	35	0	1	 1	67	3.800000	4.515260
C	28	36	0	1	 1	69	3.800000	3.629936
C	28	37	0	1	 1	71	3.800000	3.799804
C	28	38	0	1	 2	67	3.800000	3.415745
C	28	39	0	1	 2	69	3.800000	3.833264
C	28	40	0	1	 2	71	3.800000	3.302350
C	28	41	0	1	 3	67	3.800000	3.612665
C	28	42	0	1	 3	69	3.800000	3.321651
C	28	43	0	1	 3	71	3.800000	3.982296
C	28	44	0	1	 4	67	3.800000	3.454170
C	28	45	0	1	 4	69	3.800000	3.631362
C	28	46	0	1	 4	71	3.800000	4.000000
C	14	 0	0	1	 0	73	-1.500000	3.775224
C	14	 1	0	1	 0	75	-1.500000	3.586539
C	14	 2	0	1	 0	77	-1.500000	3.591123
C	14	 3	0	1	 1	73	-1.500000	4.129313
C	14	 4	0	1	 1	75	-1.500000	3.479426
C	14	 5	0	1	 1	77	-1.500000	3.730037
C	14	 6	0	1	 2	73	-1.500000	3.686114
C	14	 7	0	1	 2	75	-1.500000	3.393114
C	14	 8	0	1	 2	77	-1.500000	3.677431
C	14	 9	0	1	 3	73	-1.500000	3.960057
C	14	10	0	1	 3	75	-1.500000	4.270199
C	14	11	0	1	 3	77	-1.500000	3.477220
C	14	12	0	1	 4	73	-1.500000	4.164391
C	14	13	0	1	 4	75	-1.500000	2.795390
C	14	14	0	1	 4	77	-1.500000	3.386621
C	14	16	0	1	 0	79	-1.500000	3.412242
C	14	17	0	1	 0	81	-1.500000	4.325224
C	14	18	0	1	 0	83	-1.500000	3.212954
C	14	19	0	1	 1	79	-1.500000	3.554748
C	14	20	0	1	 1	81	-1.500000	5.150872
C	14	21	0	1	 1	83	-1.500000	3.171096
C	14	22	0	1	 2	79	-1.500000	3.908560
C	14	23	0	1	 2	81	-1.500000	4.317911
C	14	24	0	1	 2	83	-1.500000	3.234422
C	14	25	0	1	 3	79	-1.500000	3.781947
C	14	26	0	1	 3	81	-1.500000	4.263759
C	14	27	0	1	 3	83	-1.500000	3.329101
C	14	28	0	1	 4	79	-1.500000	3.637399
C	14	29	0	1	 4	81	-1.500000	3.607364
C	14	30	0	1	 4	83	-1.500000	3.594401
C	14	32	0	1	 0	85	-1.500000	3.978583
C	14	33	0	1	 0	87	-1.500000	3.399851
C	14	34	0	1	 0	89	-1.500000	4.109712
C	14	35	0	1	 1	85	-1.500000	4.961532
C	14	36	0	1	 1	87	-1.500000	3.720556
C	14	37	0	1	 1	89	-1.500000	6.028771
C	14	38	0	1	 2	85	-1.500000	3.348518
C	14	39	0	1	 2	87	-1.500000	3.613870
C	14	40	0	1	 2	89	-1.500000	3.132001
C	14	41	0	1	 3	85	-1.500000	3.774394
C	14	42	0	1	 3	87	-1.500000	3.762990
C	14	43	0	1	 3	89	-1.500000	3.501041
C	14	44	0	1	 4	85	-1.500000	3.965848
C	14	45	0	1	 4	87	-1.500000	3.156256
C	14	46	0	1	 4	89	-1.500000	3.727662
C	14	48	0	1	 0	91	-1.500000	3.732814
C	14	49	0	1	 0	93	-1.500000	3.296381
C	14	50	0	1	 0	95	-1.500000	3.864798
C	14	51	0	1	 1	91	-1.500000	4.748931
C	14	52	0	1	 1	93	-1.500000	4.070557
C	14	53	0	1	 1	95	-1.500000	4.270645
C	14	54	0	1	 2	91	-1.500000	4.188983
C	14	55	0	1	 2	93	-1.500000	3.168988
C	14	56	0	1	 2	95	-1.500000	3.530946
C	14	57	0	1	 3	91	-1.500000	4.347163
C	14	58	0	1	 3	93	-1.500000	4.273427
C	14	59	0	1	 3	95	-1.500000	4.278095
C	14	60	0	1	 4	91	-1.500000	4.343377
C	14	61	0	1	 4	93	-1.500000	3.239897
C	14	62	0	1	 4	95	-1.500000	4.002965
C	33	 0	0	1	 0	97	-2.800000	4.396909
C	33	 1	0	1	 0	99	-2.800000	4.120791
C	33	 3	0	1	 1	97	-2.800000	3.691357
C	33	 4	0	1	 1	99	-2.800000	3.574586
C	33	 6	0	1	 2	97	-2.800000	4.475642
C	33	 7	0	1	 2	99	-2.800000	3.638507
C	33	 9	0	1	 3	97	-2.800000	3.650006
C	33	10	0	1	 3	99	-2.800000	4.561522
C	33	12	0	1	 4	97	-2.800000	4.607045
C	33	13	0	1	 4	99	-2.800000	4.072360
C	31	 0	0	1	 5	1	-0.800000	4.274386
C	31	 1	0	1	 5	3	-0.800000	3.730129
C	31	 2	0	1	 5	5	-0.800000	4.907372
C	31	 3	0	1	 6	1	-0.800000	3.053895
C	31	 4	0	1	 6	3	-0.800000	4.355371
C	31	 5	0	1	 6	5	-0.800000	3.167043
C	31	 6	0	1	 7	1	-0.800000	4.059269
C	31	 7	0	1	 7	3	-0.800000	3.686340
C	31	 8	0	1	 7	5	-0.800000	3.264422
C	31	 9	0	1	 8	1	-0.800000	4.272242
C	31	10	0	1	 8	3	-0.800000	3.058168
C	31	11	0	1	 8	5	-0.800000	4.772401
C	31	12	0	1	 9	1	-0.800000	3.848231
C	31	13	0	1	 9	3	-0.800000	10.037883
C	31	14	0	1	 9	5	-0.800000	4.172088
C	31	16	0	1	 5	7	-0.800000	4.000000
C	31	17	0	1	 5	9	-0.800000	4.105810
C	31	18	0	1	 5	11	-0.800000	3.467180
C	31	19	0	1	 6	7	-0.800000	3.118503
C	31	20	0	1	 6	9	-0.800000	3.437876
C	31	21	0	1	 6	11	-0.800000	3.785222
C	31	22	0	1	 7	7	-0.800000	3.812689
C	31	23	0	1	 7	9	-0.800000	3.337421
C	31	24	0	1	 7	11	-0.800000	4.108442
C	31	25	0	1	 8	7	-0.800000	3.114732
C	31	26	0	1	 8	9	-0.800000	3.671456
C	31	27	0	1	 8	11	-0.800000	3.600689
C	31	28	0	1	 9	7	-0.800000	4.805727
C	31	29	0	1	 9	9	-0.800000	3.655929
C	31	30	0	1	 9	11	-0.800000	3.637461
C	31	32	0	1	 5	13	-0.800000	3.069071
C	31	33	0	1	 5	15	-0.800000	3.462368
C	31	34	0	1	 5	17	-0.800000	3.176102
C	31	35	0	1	 6	13	-0.800000	3.260592
C	31	36	0	1	 6	15	-0.800000	3.821802
C	31	37	0	1	 6	17	-0.800000	3.729365
C	31	38	0	1	 7	13	-0.800000	3.700400
C	31	39	0	1	 7	15	-0.800000	3.674696
C	31	40	0	1	 7	17	-0.800000	3.455869
C	31	41	0	1	 8	13	-0.800000	3.323388
C	31	42	0	1	 8	15	-0.800000	3.436077
C	31	43	0	1	 8	17	-0.800000	3.519766
C	31	44	0	1	 9	13	-0.800000	4.000000
C	31	45	0	1	 9	15	-0.800000	3.810855
C	31	46	0	1	 9	17	-0.800000	3.348874
C	31	48	0	1	 5	19	-0.800000	3.714341
C	31	49	0	1	 5	21	-0.800000	3.716623
C	31	50	0	1	 5	23	-0.800000	3.297263
C	31	51	0	1	 6	19	-0.800000	3.935506
C	31	52	0	1	 6	21	-0.800000	3.471514
C	31	53	0	1	 6	23	-0.800000	3.318446
C	31	54	0	1	 7	19	-0.800000	3.748469
C	31	55	0	1	 7	21	-0.800000	4.826263
C	31	56	0	1	 7	23	-0.800000	3.525739
C	31	57	0	1	 8	19	-0.800000	3.448824
C	31	58	0	1	 8	21	-0.800000	5.179740
C	31	59	0	1	 8	23	-0.800000	5.169260
C	31	60	0	1	 9	19	-0.800000	3.300131
C	31	61	0	1	 9	21	-0.800000	3.232336
C	31	62	0	1	 9	23	-0.800000	3.299392
C	30	 0	0	1	 5	25	-0.700000	3.308333
C	30	 1	0	1	 5	27	-0.700000	5.224728
C	30	 2	0	1	 5	29	-0.700000	3.954120
C	30	 3	0	1	 6	25	-0.700000	3.783995
C	30	 4	0	1	 6	27	-0.700000	5.025331
C	30	 5	0	1	 6	29	-0.700000	4.169501
C	30	 6	0	1	 7	25	-0.700000	3.642776
C	30	 7	0	1	 7	27	-0.700000	3.963369
C	30	 8	0	1	 7	29	-0.700000	3.196598
C	30	 9	0	1	 8	25	-0.700000	3.415413
C	30	10	0	1	 8	27	-0.700000	3.701232
C	30	11	0	1	 8	29	-0.700000	3.809585
C	30	12	0	1	 9	25	-0.700000	4.716574
C	30	13	0	1	 9	27	-0.700000	4.363628
C	30	14	0	1	 9	29	-0.700000	3.917461
C	30	16	0	1	 5	31	-0.700000	4.118983
C	30	17	0	1	 5	33	-0.700000	4.137704
C	30	18	0	1	 5	35	-0.700000	4.353615
C	30	19	0	1	 6	31	-0.700000	3.881664
C	30	20	0	1	 6	33	-0.700000	3.759772
C	30	21	0	1	 6	35	-0.700000	3.317317
C	30	22	0	1	 7	31	-0.700000	4.055654
C	30	23	0	1	 7	33	-0.700000	3.818398
C	30	24	0	1	 7	35	-0.700000	3.742169
C	30	25	0	1	 8	31	-0.700000	4.564151
C	30	26	0	1	 8	33	-0.700000	6.578310
C	30	27	0	1	 8	35	-0.700000	3.605287
C	30	28	0	1	 9	31	-0.700000	4.056180
C	30	29	0	1	 9	33	-0.700000	3.908228
C	30	30	0	1	 9	35	-0.700000	3.665816
C	30	32	0	1	 5	37	-0.700000	3.519868
C	30	33	0	1	 5	39	-0.700000	3.795702
C	30	34	0	1	 5	41	-0.700000	3.889814
C	30	35	0	1	 6	37	-0.700000	3.388372
C	30	36	0	1	 6	39	-0.700000	3.983369
C	30	37	0	1	 6	41	-0.700000	3.358618
C	30	38	0	1	 7	37	-0.700000	3.421831
C	30	39	0	1	 7	39	-0.700000	3.938800
C	30	40	0	1	 7	41	-0.700000	3.001962
C	30	41	0	1	 8	37	-0.700000	3.818678
C	30	42	0	1	 8	39	-0.700000	3.257974
C	30	43	0	1	 8	41	-0.700000	3.366635
C	30	44	0	1	 9	37	-0.700000	3.380221
C	30	45	0	1	 9	39	-0.700000	3.558991
C	30	46	0	1	 9	41	-0.700000	4.221293
C	30	48	0	1	 5	43	-0.700000	4.000000
C	30	49	0	1	 5	45	-0.700000	3.546191
C	30	50	0	1	 5	47	-0.700000	3.359825
C	30	51	0	1	 6	43	-0.700000	3.638461
C	30	52	0	1	 6	45	-0.700000	3.113209
C	30	53	0	1	 6	47	-0.700000	3.703301
C	30	54	0	1	 7	43	-0.700000	3.293564
C	30	55	0	1	 7	45	-0.700000	3.959545
C	30	56	0	1	 7	47	-0.700000	3.303108
C	30	57	0	1	 8	43	-0.700000	3.345562
C	30	58	0	1	 8	45	-0.700000	3.736782
C	30	59	0	1	 8	47	-0.700000	3.291938
C	30	60	0	1	 9	43	-0.700000	4.419154
C	30	61	0	1	 9	45	-0.700000	3.926898
C	30	62	0	1	 9	47	-0.700000	3.580639
C	29	48	0	1	 5	49	1.600000	3.507376
C	29	49	0	1	 5	51	1.600000	3.732398
C	29	50	0	1	 5	53	1.600000	3.831551
C	29	51	0	1	 6	49	1.600000	3.408416
C	29	52	0	1	 6	51	1.600000	3.519563
C	29	53	0	1	 6	53	1.600000	3.092800
C	29	54	0	1	 7	49	1.600000	3.167707
C	29	55	0	1	 7	51	1.600000	3.010421
C	29	56	0	1	 7	53	1.600000	3.730442
C	29	57	0	1	 8	49	1.600000	3.450919
C	29	58	0	1	 8	51	1.600000	3.612541
C	29	59	0	1	 8	53	1.600000	3.817862
C	29	60	0	1	 9	49	1.600000	3.588085
C	29	61	0	1	 9	51	1.600000	4.554968
C	29	62	0	1	 9	53	1.600000	3.806974
C	29	 0	0	1	 5	55	1.600000	3.263705
C	29	 1	0	1	 5	57	1.600000	3.599453
C	29	 2	0	1	 5	59	1.600000	3.491830
C	29	 3	0	1	 6	55	1.600000	3.228088
C	29	 4	0	1	 6	57	1.600000	3.530763
C	29	 5	0	1	 6	59	1.600000	3.363092
C	29	 6	0	1	 7	55	1.600000	3.331705
C	29	 7	0	1	 7	57	1.600000	3.168373
C	29	 8	0	1	 7	59	1.600000	3.469646
C	29	 9	0	1	 8	55	1.600000	3.647166
C	29	10	0	1	 8	57	1.600000	3.652708
C	29	11	0	1	 8	59	1.600000	3.742614
C	29	12	0	1	 9	55	1.600000	4.251875
C	29	13	0	1	 9	57	1.600000	4.020308
C	29	14	0	1	 9	59	1.600000	3.881129
C	29	16	0	1	 5	61	1.600000	3.877163
C	29	17	0	1	 5	63	1.600000	3.453326
C	29	18	0	1	 5	65	1.600000	3.852545
C	29	19	0	1	 6	61	1.600000	3.297673
C	29	20	0	1	 6	63	1.600000	4.037746
C	29	21	0	1	 6	65	1.600000	3.895088
C	29	22	0	1	 7	61	1.600000	3.795794
C	29	23	0	1	 7	63	1.600000	3.476042
C	29	24	0	1	 7	65	1.600000	3.246411
C	29	25	0	1	 8	61	1.600000	3.810047
C	29	26	0	1	 8	63	1.600000	3.880802
C	29	27	0	1	 8	65	1.600000	3.487825
C	29	28	0	1	 9	61	1.600000	3.361701
C	29	29	0	1	 9	63	1.600000	3.859333
C	29	30	0	1	 9	65	1.600000	3.470678
C	29	32	0	1	 5	67	1.600000	3.701621
C	29	33	0	1	 5	69	1.600000	3.728649
C	29	34	0	1	 5	71	1.600000	3.234787
C	29	35	0	1	 6	67	1.600000	3.629646
C	29	36	0	1	 6	69	1.600000	3.403819
C	29	37	0	1	 6	71	1.600000	3.397484
C	29	38	0	1	 7	67	1.600000	3.354465
C	29	39	0	1	 7	69	1.600000	3.947568
C	29	40	0	1	 7	71	1.600000	3.525155
C	29	41	0	1	 8	67	1.600000	3.892589
C	29	42	0	1	 8	69	1.600000	3.909279
C	29	43	0	1	 8	71	1.600000	3.137000
C	29	44	0	1	 9	67	1.600000	4.003110
C	29	45	0	1	 9	69	1.600000	3.981344
C	29	46	0	1	 9	71	1.600000	3.986152
C	33	16	0	1	 5	73	-2.800000	3.560953
C	33	17	0	1	 5	75	-2.800000	3.697009
C	33	18	0	1	 5	77	-2.800000	3.728786
C	33	19	0	1	 6	73	-2.800000	3.863091
C	33	20	0	1	 6	75	-2.800000	3.636918
C	33	21	0	1	 6	77	-2.800000	3.486370
C	33	22	0	1	 7	73	-2.800000	3.880491
C	33	23	0	1	 7	75	-2.800000	4.026527
C	33	24	0	1	 7	77	-2.800000	3.962120
C	33	25	0	1	 8	73	-2.800000	4.061018
C	33	26	0	1	 8	75	-2.800000	3.788265
C	33	27	0	1	 8	77	-2.800000	4.382550
C	33	28	0	1	 9	73	-2.800000	6.947412
C	33	29	0	1	 9	75	-2.800000	3.553785
C	33	30	0	1	 9	77	-2.800000	3.842380
C	33	32	0	1	 5	79	-2.800000	3.439324
C	33	33	0	1	 5	81	-2.800000	3.651360
C	33	34	0	1	 5	83	-2.800000	4.410762
C	33	35	0	1	 6	79	-2.800000	3.818090
C	33	36	0	1	 6	81	-2.800000	3.485456
C	33	37	0	1	 6	83	-2.800000	3.250284
C	33	38	0	1	 7	79	-2.800000	4.295764
C	33	39	0	1	 7	81	-2.800000	3.670793
C	33	40	0	1	 7	83	-2.800000	3.712157
C	33	41	0	1	 8	79	-2.800000	3.412292
C	33	42	0	1	 8	81	-2.800000	3.669637
C	33	43	0	1	 8	83	-2.800000	3.466605
C	33	44	0	1	 9	79	-2.800000	3.640952
C	33	45	0	1	 9	81	-2.800000	4.000000
C	33	46	0	1	 9	83	-2.800000	3.609015
C	33	48	0	1	 5	85	-2.800000	3.836399
C	33	49	0	1	 5	87	-2.800000	3.460793
C	33	50	0	1	 5	89	-2.800000	4.231246
C	33	51	0	1	 6	85	-2.800000	4.024586
C	33	52	0	1	 6	87	-2.800000	4.218210
C	33	53	0	1	 6	89	-2.800000	3.440814
C	33	54	0	1	 7	85	-2.800000	4.489553
C	33	55	0	1	 7	87	-2.800000	3.954639
C	33	56	0	1	 7	89	-2.800000	3.543384
C	33	57	0	1	 8	85	-2.800000	4.000000
C	33	58	0	1	 8	87	-2.800000	3.930684
C	33	59	0	1	 8	89	-2.800000	3.224141
C	33	60	0	1	 9	85	-2.800000	4.000000
C	33	61	0	1	 9	87	-2.800000	5.217916
C	33	62	0	1	 9	89	-2.800000	4.070591
C	34	 0	0	1	 5	91	-4.100000	3.041771
C	34	 1	0	1	 5	93	-4.100000	4.021676
C	34	 2	0	1	 5	95	-4.100000	4.107256
C	34	 3	0	1	 6	91	-4.100000	4.446728
C	34	 4	0	1	 6	93	-4.100000	3.740955
C	34	 5	0	1	 6	95	-4.100000	3.398905
C	34	 6	0	1	 7	91	-4.100000	3.783174
C	34	 7	0	1	 7	93	-4.100000	3.975225
C	34	 8	0	1	 7	95	-4.100000	3.485636
C	34	 9	0	1	 8	91	-4.100000	3.624132
C	34	10	0	1	 8	93	-4.100000	3.573126
C	34	11	0	1	 8	95	-4.100000	4.381603
C	34	12	0	1	 9	91	-4.100000	4.254536
C	34	13	0	1	 9	93	-4.100000	3.415144
C	34	14	0	1	 9	95	-4.100000	3.507655
C	34	16	0	1	 5	97	-4.100000	3.684585
C	34	17	0	1	 5	99	-4.100000	4.181969
C	34	19	0	1	 6	97	-4.100000	3.742532
C	34	20	0	1	 6	99	-4.100000	3.905462
C	34	22	0	1	 7	97	-4.100000	4.452481
C	34	23	0	1	 7	99	-4.100000	3.711010
C	34	25	0	1	 8	97	-4.100000	3.637577
C	34	26	0	1	 8	99	-4.100000	3.587716
C	34	28	0	1	 9	97	-4.100000	4.090216
C	34	29	0	1	 9	99	-4.100000	4.216698
C	42	 0	0	1	10	1	-1.400000	3.382860
C	42	 1	0	1	10	3	-1.400000	3.741899
C	42	 2	0	1	10	5	-1.400000	3.434345
C	42	 3	0	1	11	1	-1.400000	3.473064
C	42	 4	0	1	11	3	-1.400000	3.763875
C	42	 5	0	1	11	5	-1.400000	3.041600
C	42	 6	0	1	12	1	-1.400000	4.407718
C	42	 7	0	1	12	3	-1.400000	3.359960
C	42	 8	0	1	12	5	-1.400000	3.413068
C	42	 9	0	1	13	1	-1.400000	4.000000
C	42	10	0	1	13	3	-1.400000	4.211653
C	42	11	0	1	13	5	-1.400000	4.076939
C	42	12	0	1	14	1	-1.400000	3.367038
C	42	13	0	1	14	3	-1.400000	3.664545
C	42	14	0	1	14	5	-1.400000	3.760324
C	42	16	0	1	10	7	-1.400000	4.113706
C	42	17	0	1	10	9	-1.400000	3.758656
C	42	18	0	1	10	11	-1.400000	3.150207
C	42	19	0	1	11	7	-1.400000	3.382810
C	42	20	0	1	11	9	-1.400000	3.735250
C	42	21	0	1	11	11	-1.400000	3.468133
C	42	22	0	1	12	7	-1.400000	3.660796
C	42	23	0	1	12	9	-1.400000	3.451223
C	42	24	0	1	12	11	-1.400000	3.249138
C	42	25	0	1	13	7	-1.400000	3.591366
C	42	26	0	1	13	9	-1.400000	3.501721
C	42	27	0	1	13	11	-1.400000	3.171973
C	42	28	0	1	14	7	-1.400000	3.593334
C	42	29	0	1	14	9	-1.400000	3.562273
C	42	30	0	1	14	11	-1.400000	3.555550
C	15	 0	0	1	10	13	2.200000	3.515625
C	15	 1	0	1	10	15	2.200000	4.000000
C	15	 2	0	1	10	17	2.200000	3.392178
C	15	 3	0	1	11	13	2.200000	3.391724
C	15	 4	0	1	11	15	2.200000	3.340764
C	15	 5	0	1	11	17	2.200000	3.208782
C	15	 6	0	1	12	13	2.200000	3.160184
C	15	 7	0	1	12	15	2.200000	3.617594
C	15	 8	0	1	12	17	2.200000	4.258859
C	15	 9	0	1	13	13	2.200000	3.535004
C	15	10	0	1	13	15	2.200000	3.129416
C	15	11	0	1	13	17	2.200000	4.181541
C	15	12	0	1	14	13	2.200000	3.302683
C	15	13	0	1	14	15	2.200000	3.778496
C	15	14	0	1	14	17	2.200000	4.143312
C	34	32	0	1	10	19	-4.100000	4.001095
C	34	33	0	1	10	21	-4.100000	5.442885
C	34	34	0	1	10	23	-4.100000	3.758389
C	34	35	0	1	11	19	-4.100000	3.506904
C	34	36	0	1	11	21	-4.100000	3.604572
C	34	37	0	1	11	23	-4.100000	3.679146
C	34	38	0	1	12	19	-4.100000	3.376988
C	34	39	0	1	12	21	-4.100000	4.103820
C	34	40	0	1	12	23	-4.100000	3.325051
C	34	41	0	1	13	19	-4.100000	3.267071
C	34	42	0	1	13	21	-4.100000	3.450893
C	34	43	0	1	13	23	-4.100000	3.505567
C	34	44	0	1	14	19	-4.100000	3.491271
C	34	45	0	1	14	21	-4.100000	4.243478
C	34	46	0	1	14	23	-4.100000	3.235026
C	34	48	0	1	10	25	-4.100000	3.359349
C	34	49	0	1	10	27	-4.100000	2.987727
C	34	50	0	1	10	29	-4.100000	3.524905
C	34	51	0	1	11	25	-4.100000	3.735159
C	34	52	0	1	11	27	-4.100000	3.400865
C	34	53	0	1	11	29	-4.100000	3.345601
C	34	54	0	1	12	25	-4.100000	3.511669
C	34	55	0	1	12	27	-4.100000	4.466569
C	34	56	0	1	12	29	-4.100000	3.702551
C	34	57	0	1	13	25	-4.100000	3.577274
C	34	58	0	1	13	27	-4.100000	4.091411
C	34	59	0	1	13	29	-4.100000	4.084780
C	34	60	0	1	14	25	-4.100000	3.151701
C	34	61	0	1	14	27	-4.100000	3.400958
C	34	62	0	1	14	29	-4.100000	3.758754
C	32	 0	0	1	10	31	-5.600000	3.710755
C	32	 1	0	1	10	33	-5.600000	3.241987
C	32	 2	0	1	10	35	-5.600000	4.362808
C	32	 3	0	1	11	31	-5.600000	3.703065
C	32	 4	0	1	11	33	-5.600000	3.353599
C	32	 5	0	1	11	35	-5.600000	3.293314
C	32	 6	0	1	12	31	-5.600000	3.746153
C	32	 7	0	1	12	33	-5.600000	4.657666
C	32	 8	0	1	12	35	-5.600000	3.563765
C	32	 9	0	1	13	31	-5.600000	3.244781
C	32	10	0	1	13	33	-5.600000	3.611270
C	32	11	0	1	13	35	-5.600000	4.150093
C	32	12	0	1	14	31	-5.600000	3.414001
C	32	13	0	1	14	33	-5.600000	4.482145
C	32	14	0	1	14	35	-5.600000	3.264703
C	32	16	0	1	10	37	-5.600000	3.985136
C	32	17	0	1	10	39	-5.600000	4.061182
C	32	18	0	1	10	41	-5.600000	3.641058
C	32	19	0	1	11	37	-5.600000	3.231403
C	32	20	0	1	11	39	-5.600000	3.502053
C	32	21	0	1	11	41	-5.600000	3.381764
C	32	22	0	1	12	37	-5.600000	11.144837
C	32	23	0	1	12	39	-5.600000	4.000000
C	32	24	0	1	12	41	-5.600000	3.656166
C	32	25	0	1	13	37	-5.600000	3.107840
C	32	26	0	1	13	39	-5.600000	3.780415
C	32	27	0	1	13	41	-5.600000	3.632221
C	32	28	0	1	14	37	-5.600000	3.509080
C	32	29	0	1	14	39	-5.600000	5.405450
C	32	30	0	1	14	41	-5.600000	3.790662
C	32	32	0	1	10	43	-5.600000	3.940576
C	32	33	0	1	10	45	-5.600000	4.746843
C	32	34	0	1	10	47	-5.600000	3.788568
C	32	35	0	1	11	43	-5.600000	3.313713
C	32	36	0	1	11	45	-5.600000	3.041322
C	32	37	0	1	11	47	-5.600000	4.493602
C	32	38	0	1	12	43	-5.600000	5.378428
C	32	39	0	1	12	45	-5.600000	4.067985
C	32	40	0	1	12	47	-5.600000	3.309219
C	32	41	0	1	13	43	-5.600000	4.044919
C	32	42	0	1	13	45	-5.600000	3.789293
C	32	43	0	1	13	47	-5.600000	4.243337
C	32	44	0	1	14	43	-5.600000	3.852343
C	32	45	0	1	14	45	-5.600000	3.955322
C	32	46	0	1	14	47	-5.600000	3.529943
C	32	48	0	1	10	49	-5.600000	4.256210
C	32	49	0	1	10	51	-5.600000	3.763382
C	32	50	0	1	10	53	-5.600000	3.199884
C	32	51	0	1	11	49	-5.600000	3.707094
C	32	52	0	1	11	51	-5.600000	3.832192
C	32	53	0	1	11	53	-5.600000	5.737514
C	32	54	0	1	12	49	-5.600000	5.866764
C	32	55	0	1	12	51	-5.600000	3.580945
C	32	56	0	1	12	53	-5.600000	6.306820
C	32	57	0	1	13	49	-5.600000	4.029762
C	32	58	0	1	13	51	-5.600000	5.149899
C	32	59	0	1	13	53	-5.600000	8.422034
C	32	60	0	1	14	49	-5.600000	3.435675
C	32	61	0	1	14	51	-5.600000	5.179087
C	32	62	0	1	14	53	-5.600000	3.758806
C	15	16	0	1	10	55	2.200000	3.492944
C	15	17	0	1	10	57	2.200000	3.842347
C	15	18	0	1	10	59	2.200000	4.032847
C	15	19	0	1	11	55	2.200000	4.162452
C	15	20	0	1	11	57	2.200000	4.230312
C	15	21	0	1	11	59	2.200000	4.227192
C	15	22	0	1	12	55	2.200000	3.436995
C	15	23	0	1	12	57	2.200000	4.145444
C	15	24	0	1	12	59	2.200000	3.507009
C	15	25	0	1	13	55	2.200000	3.396744
C	15	26	0	1	13	57	2.200000	3.267517
C	15	27	0	1	13	59	2.200000	4.124269
C	15	28	0	1	14	55	2.200000	3.310393
C	15	29	0	1	14	57	2.200000	3.771658
C	15	30	0	1	14	59	2.200000	3.459104
C	15	32	0	1	10	61	2.200000	3.612604
C	15	33	0	1	10	63	2.200000	3.785760
C	15	34	0	1	10	65	2.200000	3.718256
C	15	35	0	1	11	61	2.200000	3.458749
C	15	36	0	1	11	63	2.200000	4.204588
C	15	37	0	1	11	65	2.200000	3.367651
C	15	38	0	1	12	61	2.200000	3.995068
C	15	39	0	1	12	63	2.200000	3.651449
C	15	40	0	1	12	65	2.200000	4.391197
C	15	41	0	1	13	61	2.200000	4.080368
C	15	42	0	1	13	63	2.200000	3.579496
C	15	43	0	1	13	65	2.200000	3.863087
C	15	44	0	1	14	61	2.200000	3.534591
C	15	45	0	1	14	63	2.200000	3.585717
C	15	46	0	1	14	65	2.200000	3.983783
C	15	48	0	1	10	67	2.200000	4.287976
C	15	49	0	1	10	69	2.200000	3.594977
C	15	50	0	1	10	71	2.200000	3.611163
C	15	51	0	1	11	67	2.200000	3.545075
C	15	52	0	1	11	69	2.200000	3.350571
C	15	53	0	1	11	71	2.200000	3.331088
C	15	54	0	1	12	67	2.200000	4.000000
C	15	55	0	1	12	69	2.200000	3.895214
C	15	56	0	1	12	71	2.200000	4.617831
C	15	57	0	1	13	67	2.200000	3.262142
C	15	58	0	1	13	69	2.200000	3.934241
C	15	59	0	1	13	71	2.200000	3.499329
C	15	60	0	1	14	67	2.200000	3.822665
C	15	61	0	1	14	69	2.200000	4.002106
C	15	62	0	1	14	71	2.200000	4.194366
C	38	32	0	1	10	73	2.500000	3.899180
C	38	33	0	1	10	75	2.500000	2.965359
C	38	34	0	1	10	77	2.500000	3.485179
C	38	35	0	1	11	73	2.500000	3.662473
C	38	36	0	1	11	75	2.500000	3.581239
C	38	37	0	1	11	77	2.500000	3.550695
C	38	38	0	1	12	73	2.500000	3.563580
C	38	39	0	1	12	75	2.500000	4.000000
C	38	40	0	1	12	77	2.500000	4.000000
C	38	41	0	1	13	73	2.500000	3.567916
C	38	42	0	1	13	75	2.500000	4.309184
C	38	43	0	1	13	77	2.500000	3.531140
C	38	44	0	1	14	73	2.500000	3.822078
C	38	45	0	1	14	75	2.500000	3.868138
C	38	46	0	1	14	77	2.500000	3.286240
C	38	48	0	1	10	79	2.500000	3.756604
C	38	49	0	1	10	81	2.500000	4.014830
C	38	50	0	1	10	83	2.500000	3.956778
C	38	51	0	1	11	79	2.500000	3.763321
C	38	52	0	1	11	81	2.500000	4.021891
C	38	53	0	1	11	83	2.500000	4.095270
C	38	54	0	1	12	79	2.500000	3.461370
C	38	55	0	1	12	81	2.500000	3.609155
C	38	56	0	1	12	83	2.500000	3.982888
C	38	57	0	1	13	79	2.500000	3.748655
C	38	58	0	1	13	81	2.500000	3.629556
C	38	59	0	1	13	83	2.500000	4.094728
C	38	60	0	1	14	79	2.500000	3.545607
C	38	61	0	1	14	81	2.500000	3.794860
C	38	62	0	1	14	83	2.500000	4.485682
C	39	 0	0	1	10	85	1.000000	4.055024
C	39	 1	0	1	10	87	1.000000	3.314501
C	39	 2	0	1	10	89	1.000000	3.682134
C	39	 3	0	1	11	85	1.000000	3.990403
C	39	 4	0	1	11	87	1.000000	3.012270
C	39	 5	0	1	11	89	1.000000	5.133916
C	39	 6	0	1	12	85	1.000000	3.773840
C	39	 7	0	1	12	87	1.000000	3.559257
C	39	 8	0	1	12	89	1.000000	4.135552
C	39	 9	0	1	13	85	1.000000	4.724795
C	39	10	0	1	13	87	1.000000	3.780459
C	39	11	0	1	13	89	1.000000	3.602807
C	39	12	0	1	14	85	1.000000	3.611544
C	39	13	0	1	14	87	1.000000	3.191416
C	39	14	0	1	14	89	1.000000	3.529207
C	39	16	0	1	10	91	1.000000	4.033342
C	39	17	0	1	10	93	1.000000	3.609864
C	39	18	0	1	10	95	1.000000	3.289473
C	39	19	0	1	11	91	1.000000	3.759095
C	39	20	0	1	11	93	1.000000	4.342163
C	39	21	0	1	11	95	1.000000	3.904686
C	39	22	0	1	12	91	1.000000	4.097280
C	39	23	0	1	12	93	1.000000	3.810410
C	39	24	0	1	12	95	1.000000	4.047024
C	39	25	0	1	13	91	1.000000	4.815665
C	39	26	0	1	13	93	1.000000	3.862690
C	39	27	0	1	13	95	1.000000	3.640174
C	39	28	0	1	14	91	1.000000	3.838829
C	39	29	0	1	14	93	1.000000	3.356239
C	39	30	0	1	14	95	1.000000	3.740510
C	39	32	0	1	10	97	1.000000	4.440777
C	39	33	0	1	10	99	1.000000	3.876401
C	39	35	0	1	11	97	1.000000	4.026756
C	39	36	0	1	11	99	1.000000	4.895936
C	39	38	0	1	12	97	1.000000	3.901446
C	39	39	0	1	12	99	1.000000	3.249582
C	39	41	0	1	13	97	1.000000	3.140763
C	39	42	0	1	13	99	1.000000	4.100218
C	39	44	0	1	14	97	1.000000	3.610632
C	39	45	0	1	14	99	1.000000	3.318341
C	39	48	0	1	15	1	1.000000	3.912973
C	39	49	0	1	15	3	1.000000	3.332269
C	39	50	0	1	15	5	1.000000	3.842588
C	39	51	0	1	16	1	1.000000	4.014144
C	39	52	0	1	16	3	1.000000	3.272264
C	39	53	0	1	16	5	1.000000	3.663713
C	39	54	0	1	17	1	1.000000	4.121546
C	39	55	0	1	17	3	1.000000	3.779399
C	39	56	0	1	17	5	1.000000	4.166773
C	39	57	0	1	18	1	1.000000	3.649899
C	39	58	0	1	18	3	1.000000	3.344465
C	39	59	0	1	18	5	1.000000	3.717963
C	39	60	0	1	19	1	1.000000	3.335955
C	39	61	0	1	19	3	1.000000	3.524761
C	39	62	0	1	19	5	1.000000	3.986152
C	40	 0	0	1	15	7	0.200000	4.000000
C	40	 1	0	1	15	9	0.200000	4.000000
C	40	 2	0	1	15	11	0.200000	4.000000
C	40	 3	0	1	16	7	0.200000	4.000000
C	40	 4	0	1	16	9	0.200000	4.000000
C	40	 5	0	1	16	11	0.200000	4.000000
C	40	 6	0	1	17	7	0.200000	4.000000
C	40	 7	0	1	17	9	0.200000	4.000000
C	40	 8	0	1	17	11	0.200000	4.000000
C	40	 9	0	1	18	7	0.200000	4.000000
C	40	10	0	1	18	9	0.200000	4.000000
C	40	11	0	1	18	11	0.200000	4.000000
C	40	12	0	1	19	7	0.200000	4.000000
C	40	13	0	1	19	9	0.200000	4.000000
C	40	14	0	1	19	11	0.200000	4.000000
C	40	16	0	1	15	13	0.200000	4.186915
C	40	17	0	1	15	15	0.200000	4.537796
C	40	18	0	1	15	17	0.200000	3.573572
C	40	19	0	1	16	13	0.200000	3.380260
C	40	20	0	1	16	15	0.200000	3.037899
C	40	21	0	1	16	17	0.200000	3.545424
C	40	22	0	1	17	13	0.200000	3.282184
C	40	23	0	1	17	15	0.200000	4.160456
C	40	24	0	1	17	17	0.200000	3.628028
C	40	25	0	1	18	13	0.200000	3.283266
C	40	26	0	1	18	15	0.200000	4.572583
C	40	27	0	1	18	17	0.200000	3.226993
C	40	28	0	1	19	13	0.200000	3.639390
C	40	29	0	1	19	15	0.200000	3.606362
C	40	30	0	1	19	17	0.200000	3.657162
C	40	32	0	1	15	19	0.200000	3.827222
C	40	33	0	1	15	21	0.200000	3.162962
C	40	34	0	1	15	23	0.200000	4.837217
C	40	35	0	1	16	19	0.200000	4.014307
C	40	36	0	1	16	21	0.200000	4.000000
C	40	37	0	1	16	23	0.200000	6.301058
C	40	38	0	1	17	19	0.200000	3.833147
C	40	39	0	1	17	21	0.200000	3.132943
C	40	40	0	1	17	23	0.200000	6.836427
C	40	41	0	1	18	19	0.200000	4.054420
C	40	42	0	1	18	21	0.200000	4.630307
C	40	43	0	1	18	23	0.200000	3.950179
C	40	44	0	1	19	19	0.200000	3.620563
C	40	45	0	1	19	21	0.200000	3.844140
C	40	46	0	1	19	23	0.200000	5.421363
C	40	48	0	1	15	25	0.200000	3.015465
C	40	49	0	1	15	27	0.200000	4.843669
C	40	50	0	1	15	29	0.200000	3.415780
C	40	51	0	1	16	25	0.200000	6.884893
C	40	52	0	1	16	27	0.200000	4.786067
C	40	53	0	1	16	29	0.200000	3.849281
C	40	54	0	1	17	25	0.200000	8.175219
C	40	55	0	1	17	27	0.200000	18.857637
C	40	56	0	1	17	29	0.200000	3.726366
C	40	57	0	1	18	25	0.200000	3.526988
C	40	58	0	1	18	27	0.200000	5.863228
C	40	59	0	1	18	29	0.200000	3.613589
C	40	60	0	1	19	25	0.200000	5.244404
C	40	61	0	1	19	27	0.200000	4.890478
C	40	62	0	1	19	29	0.200000	5.158027
C	41	 0	0	1	15	31	-1.000000	3.296037
C	41	 1	0	1	15	33	-1.000000	3.075551
C	41	 2	0	1	15	35	-1.000000	3.964489
C	41	 3	0	1	16	31	-1.000000	4.102433
C	41	 4	0	1	16	33	-1.000000	4.299901
C	41	 5	0	1	16	35	-1.000000	4.120605
C	41	 6	0	1	17	31	-1.000000	4.322930
C	41	 7	0	1	17	33	-1.000000	3.312410
C	41	 8	0	1	17	35	-1.000000	4.003531
C	41	 9	0	1	18	31	-1.000000	3.053866
C	41	10	0	1	18	33	-1.000000	3.996484
C	41	11	0	1	18	35	-1.000000	3.404411
C	41	12	0	1	19	31	-1.000000	3.607800
C	41	13	0	1	19	33	-1.000000	5.007765
C	41	14	0	1	19	35	-1.000000	3.460125
C	41	16	0	1	15	37	-1.000000	4.783531
C	41	17	0	1	15	39	-1.000000	3.859748
C	41	18	0	1	15	41	-1.000000	3.694885
C	41	19	0	1	16	37	-1.000000	6.422727
C	41	20	0	1	16	39	-1.000000	5.044967
C	41	21	0	1	16	41	-1.000000	3.618301
C	41	22	0	1	17	37	-1.000000	8.141003
C	41	23	0	1	17	39	-1.000000	11.711730
C	41	24	0	1	17	41	-1.000000	4.321694
C	41	25	0	1	18	37	-1.000000	5.555271
C	41	26	0	1	18	39	-1.000000	7.449857
C	41	27	0	1	18	41	-1.000000	3.569959
C	41	28	0	1	19	37	-1.000000	4.007662
C	41	29	0	1	19	39	-1.000000	4.969036
C	41	30	0	1	19	41	-1.000000	3.900914
C	41	32	0	1	15	43	-1.000000	3.183778
C	41	33	0	1	15	45	-1.000000	3.439949
C	41	34	0	1	15	47	-1.000000	3.524040
C	41	35	0	1	16	43	-1.000000	3.255692
C	41	36	0	1	16	45	-1.000000	3.593056
C	41	37	0	1	16	47	-1.000000	3.537197
C	41	38	0	1	17	43	-1.000000	3.478643
C	41	39	0	1	17	45	-1.000000	3.308872
C	41	40	0	1	17	47	-1.000000	4.059266
C	41	41	0	1	18	43	-1.000000	3.929018
C	41	42	0	1	18	45	-1.000000	3.901504
C	41	43	0	1	18	47	-1.000000	3.501424
C	41	44	0	1	19	43	-1.000000	3.825821
C	41	45	0	1	19	45	-1.000000	3.928551
C	41	46	0	1	19	47	-1.000000	4.471576
C	41	48	0	1	15	49	-1.000000	3.565252
C	41	49	0	1	15	51	-1.000000	3.656609
C	41	50	0	1	15	53	-1.000000	3.457642
C	41	51	0	1	16	49	-1.000000	3.766451
C	41	52	0	1	16	51	-1.000000	3.865926
C	41	53	0	1	16	53	-1.000000	3.431735
C	41	54	0	1	17	49	-1.000000	3.667256
C	41	55	0	1	17	51	-1.000000	3.213329
C	41	56	0	1	17	53	-1.000000	3.749659
C	41	57	0	1	18	49	-1.000000	3.918636
C	41	58	0	1	18	51	-1.000000	3.849478
C	41	59	0	1	18	53	-1.000000	3.359265
C	41	60	0	1	19	49	-1.000000	4.562363
C	41	61	0	1	19	51	-1.000000	3.456643
C	41	62	0	1	19	53	-1.000000	4.000000
C	44	32	0	1	15	55	-3.200000	3.255347
C	44	33	0	1	15	57	-3.200000	3.323196
C	44	34	0	1	15	59	-3.200000	3.876811
C	44	35	0	1	16	55	-3.200000	3.990662
C	44	36	0	1	16	57	-3.200000	3.733094
C	44	37	0	1	16	59	-3.200000	3.544286
C	44	38	0	1	17	55	-3.200000	4.006194
C	44	39	0	1	17	57	-3.200000	3.826128
C	44	40	0	1	17	59	-3.200000	3.510327
C	44	41	0	1	18	55	-3.200000	3.785538
C	44	42	0	1	18	57	-3.200000	3.357871
C	44	43	0	1	18	59	-3.200000	3.953652
C	44	44	0	1	19	55	-3.200000	3.779819
C	44	45	0	1	19	57	-3.200000	3.259185
C	44	46	0	1	19	59	-3.200000	3.995842
C	44	48	0	1	15	61	-3.200000	3.724566
C	44	49	0	1	15	63	-3.200000	3.785015
C	44	50	0	1	15	65	-3.200000	4.825373
C	44	51	0	1	16	61	-3.200000	3.924702
C	44	52	0	1	16	63	-3.200000	3.978724
C	44	53	0	1	16	65	-3.200000	8.857531
C	44	54	0	1	17	61	-3.200000	4.117105
C	44	55	0	1	17	63	-3.200000	4.207316
C	44	56	0	1	17	65	-3.200000	3.642748
C	44	57	0	1	18	61	-3.200000	3.587455
C	44	58	0	1	18	63	-3.200000	3.694261
C	44	59	0	1	18	65	-3.200000	3.530953
C	44	60	0	1	19	61	-3.200000	3.746571
C	44	61	0	1	19	63	-3.200000	3.837207
C	44	62	0	1	19	65	-3.200000	4.011931
C	37	 0	0	1	15	67	-1.500000	3.920025
C	37	 1	0	1	15	69	-1.500000	3.991035
C	37	 2	0	1	15	71	-1.500000	3.987808
C	37	 3	0	1	16	67	-1.500000	3.992655
C	37	 4	0	1	16	69	-1.500000	3.714270
C	37	 5	0	1	16	71	-1.500000	3.997968
C	37	 6	0	1	17	67	-1.500000	3.338777
C	37	 7	0	1	17	69	-1.500000	3.833259
C	37	 8	0	1	17	71	-1.500000	4.067943
C	37	 9	0	1	18	67	-1.500000	3.686899
C	37	10	0	1	18	69	-1.500000	4.005361
C	37	11	0	1	18	71	-1.500000	3.911557
C	37	12	0	1	19	67	-1.500000	3.914407
C	37	13	0	1	19	69	-1.500000	3.798653
C	37	14	0	1	19	71	-1.500000	4.322297
C	37	16	0	1	15	73	-1.500000	3.909699
C	37	17	0	1	15	75	-1.500000	3.783036
C	37	18	0	1	15	77	-1.500000	3.874489
C	37	19	0	1	16	73	-1.500000	3.692806
C	37	20	0	1	16	75	-1.500000	3.386410
C	37	21	0	1	16	77	-1.500000	3.628434
C	37	22	0	1	17	73	-1.500000	3.410740
C	37	23	0	1	17	75	-1.500000	3.569049
C	37	24	0	1	17	77	-1.500000	3.743049
C	37	25	0	1	18	73	-1.500000	3.772866
C	37	26	0	1	18	75	-1.500000	3.331797
C	37	27	0	1	18	77	-1.500000	3.884936
C	37	28	0	1	19	73	-1.500000	3.365165
C	37	29	0	1	19	75	-1.500000	3.110828
C	37	30	0	1	19	77	-1.500000	3.515676
C	37	32	0	1	15	79	-1.500000	6.428234
C	37	33	0	1	15	81	-1.500000	4.195635
C	37	34	0	1	15	83	-1.500000	3.954082
C	37	35	0	1	16	79	-1.500000	3.706477
C	37	36	0	1	16	81	-1.500000	3.351657
C	37	37	0	1	16	83	-1.500000	3.787079
C	37	38	0	1	17	79	-1.500000	3.583045
C	37	39	0	1	17	81	-1.500000	4.358399
C	37	40	0	1	17	83	-1.500000	3.986311
C	37	41	0	1	18	79	-1.500000	4.000000
C	37	42	0	1	18	81	-1.500000	4.743646
C	37	43	0	1	18	83	-1.500000	6.070928
C	37	44	0	1	19	79	-1.500000	3.728359
C	37	45	0	1	19	81	-1.500000	4.000000
C	37	46	0	1	19	83	-1.500000	3.861347
C	37	48	0	1	15	85	-1.500000	3.650664
C	37	49	0	1	15	87	-1.500000	4.139321
C	37	50	0	1	15	89	-1.500000	5.710326
C	37	51	0	1	16	85	-1.500000	4.162367
C	37	52	0	1	16	87	-1.500000	3.992139
C	37	53	0	1	16	89	-1.500000	3.354758
C	37	54	0	1	17	85	-1.500000	3.743826
C	37	55	0	1	17	87	-1.500000	3.766999
C	37	56	0	1	17	89	-1.500000	18.103970
C	37	57	0	1	18	85	-1.500000	4.559319
C	37	58	0	1	18	87	-1.500000	3.633103
C	37	59	0	1	18	89	-1.500000	3.504785
C	37	60	0	1	19	85	-1.500000	4.000000
C	37	61	0	1	19	87	-1.500000	3.287452
C	37	62	0	1	19	89	-1.500000	4.000000
C	38	 0	0	1	15	91	2.500000	4.203934
C	38	 1	0	1	15	93	2.500000	3.654287
C	38	 2	0	1	15	95	2.500000	4.179504
C	38	 3	0	1	16	91	2.500000	4.094444
C	38	 4	0	1	16	93	2.500000	3.885822
C	38	 5	0	1	16	95	2.500000	4.395692
C	38	 6	0	1	17	91	2.500000	4.647676
C	38	 7	0	1	17	93	2.500000	4.472178
C	38	 8	0	1	17	95	2.500000	4.168724
C	38	 9	0	1	18	91	2.500000	4.128098
C	38	10	0	1	18	93	2.500000	3.947655
C	38	11	0	1	18	95	2.500000	3.681787
C	38	12	0	1	19	91	2.500000	3.413225
C	38	13	0	1	19	93	2.500000	4.000694
C	38	14	0	1	19	95	2.500000	3.529727
C	38	16	0	1	15	97	2.500000	5.038998
C	38	17	0	1	15	99	2.500000	3.306973
C	38	19	0	1	16	97	2.500000	5.212306
C	38	20	0	1	16	99	2.500000	4.076482
C	38	22	0	1	17	97	2.500000	4.879173
C	38	23	0	1	17	99	2.500000	3.951302
C	38	25	0	1	18	97	2.500000	3.596428
C	38	26	0	1	18	99	2.500000	3.564449
C	38	28	0	1	19	97	2.500000	3.555909
C	38	29	0	1	19	99	2.500000	4.187739
C	47	 0	0	1	20	1	-5.300000	3.835075
C	47	 1	0	1	20	3	-5.300000	3.547632
C	47	 2	0	1	20	5	-5.300000	3.391419
C	47	 3	0	1	21	1	-5.300000	3.511349
C	47	 4	0	1	21	3	-5.300000	3.580062
C	47	 5	0	1	21	5	-5.300000	3.309180
C	47	 6	0	1	22	1	-5.300000	5.893057
C	47	 7	0	1	22	3	-5.300000	4.107161
C	47	 8	0	1	22	5	-5.300000	3.722088
C	47	 9	0	1	23	1	-5.300000	3.410117
C	47	10	0	1	23	3	-5.300000	3.588035
C	47	11	0	1	23	5	-5.300000	3.239473
C	47	12	0	1	24	1	-5.300000	3.374884
C	47	13	0	1	24	3	-5.300000	3.884179
C	47	14	0	1	24	5	-5.300000	3.243170
C	46	 0	0	1	20	7	-4.800000	3.274597
C	46	 1	0	1	20	9	-4.800000	4.724991
C	46	 2	0	1	20	11	-4.800000	5.584068
C	46	 3	0	1	21	7	-4.800000	3.856445
C	46	 4	0	1	21	9	-4.800000	3.816511
C	46	 5	0	1	21	11	-4.800000	3.339629
C	46	 6	0	1	22	7	-4.800000	4.394345
C	46	 7	0	1	22	9	-4.800000	3.646706
C	46	 8	0	1	22	11	-4.800000	3.802785
C	46	 9	0	1	23	7	-4.800000	3.629491
C	46	10	0	1	23	9	-4.800000	3.374509
C	46	11	0	1	23	11	-4.800000	2.974645
C	46	12	0	1	24	7	-4.800000	7.091792
C	46	13	0	1	24	9	-4.800000	3.518335
C	46	14	0	1	24	11	-4.800000	3.592799
C	46	16	0	1	20	13	-4.800000	3.514372
C	46	17	0	1	20	15	-4.800000	3.183289
C	46	18	0	1	20	17	-4.800000	3.951809
C	46	19	0	1	21	13	-4.800000	3.539373
C	46	20	0	1	21	15	-4.800000	4.214635
C	46	21	0	1	21	17	-4.800000	3.528085
C	46	22	0	1	22	13	-4.800000	3.167103
C	46	23	0	1	22	15	-4.800000	3.556824
C	46	24	0	1	22	17	-4.800000	3.539541
C	46	25	0	1	23	13	-4.800000	3.597818
C	46	26	0	1	23	15	-4.800000	3.609254
C	46	27	0	1	23	17	-4.800000	3.660174
C	46	28	0	1	24	13	-4.800000	4.299022
C	46	29	0	1	24	15	-4.800000	3.727471
C	46	30	0	1	24	17	-4.800000	3.606065
C	46	32	0	1	20	19	-4.800000	3.583549
C	46	33	0	1	20	21	-4.800000	3.327662
C	46	34	0	1	20	23	-4.800000	5.022836
C	46	35	0	1	21	19	-4.800000	3.726304
C	46	36	0	1	21	21	-4.800000	4.592663
C	46	37	0	1	21	23	-4.800000	5.478931
C	46	38	0	1	22	19	-4.800000	3.214597
C	46	39	0	1	22	21	-4.800000	3.246000
C	46	40	0	1	22	23	-4.800000	5.171760
C	46	41	0	1	23	19	-4.800000	3.116713
C	46	42	0	1	23	21	-4.800000	3.923189
C	46	43	0	1	23	23	-4.800000	3.503004
C	46	44	0	1	24	19	-4.800000	2.988314
C	46	45	0	1	24	21	-4.800000	4.757663
C	46	46	0	1	24	23	-4.800000	6.338805
C	46	48	0	1	20	25	-4.800000	2.940269
C	46	49	0	1	20	27	-4.800000	3.259810
C	46	50	0	1	20	29	-4.800000	5.099801
C	46	51	0	1	21	25	-4.800000	3.555010
C	46	52	0	1	21	27	-4.800000	3.212067
C	46	53	0	1	21	29	-4.800000	6.498526
C	46	54	0	1	22	25	-4.800000	3.397396
C	46	55	0	1	22	27	-4.800000	3.567724
C	46	56	0	1	22	29	-4.800000	5.866931
C	46	57	0	1	23	25	-4.800000	3.394966
C	46	58	0	1	23	27	-4.800000	3.656452
C	46	59	0	1	23	29	-4.800000	6.004760
C	46	60	0	1	24	25	-4.800000	3.003094
C	46	61	0	1	24	27	-4.800000	4.000000
C	46	62	0	1	24	29	-4.800000	4.000000
C	45	 0	0	1	20	31	-5.600000	3.346732
C	45	 1	0	1	20	33	-5.600000	3.557098
C	45	 2	0	1	20	35	-5.600000	4.320050
C	45	 3	0	1	21	31	-5.600000	3.219768
C	45	 4	0	1	21	33	-5.600000	3.373087
C	45	 5	0	1	21	35	-5.600000	5.902128
C	45	 6	0	1	22	31	-5.600000	3.809900
C	45	 7	0	1	22	33	-5.600000	3.524902
C	45	 8	0	1	22	35	-5.600000	13.301772
C	45	 9	0	1	23	31	-5.600000	3.691079
C	45	10	0	1	23	33	-5.600000	4.156037
C	45	11	0	1	23	35	-5.600000	5.647037
C	45	12	0	1	24	31	-5.600000	3.448874
C	45	13	0	1	24	33	-5.600000	4.065527
C	45	14	0	1	24	35	-5.600000	5.241364
C	45	16	0	1	20	37	-5.600000	5.791234
C	45	17	0	1	20	39	-5.600000	5.524870
C	45	18	0	1	20	41	-5.600000	3.898445
C	45	19	0	1	21	37	-5.600000	4.215715
C	45	20	0	1	21	39	-5.600000	5.353659
C	45	21	0	1	21	41	-5.600000	3.805798
C	45	22	0	1	22	37	-5.600000	3.654337
C	45	23	0	1	22	39	-5.600000	10.787333
C	45	24	0	1	22	41	-5.600000	3.343453
C	45	25	0	1	23	37	-5.600000	3.279823
C	45	26	0	1	23	39	-5.600000	5.188872
C	45	27	0	1	23	41	-5.600000	3.491705
C	45	28	0	1	24	37	-5.600000	3.430235
C	45	29	0	1	24	39	-5.600000	4.169386
C	45	30	0	1	24	41	-5.600000	4.375095
C	45	32	0	1	20	43	-5.600000	3.205487
C	45	33	0	1	20	45	-5.600000	5.017086
C	45	34	0	1	20	47	-5.600000	3.991757
C	45	35	0	1	21	43	-5.600000	3.817703
C	45	36	0	1	21	45	-5.600000	3.454210
C	45	37	0	1	21	47	-5.600000	3.748576
C	45	38	0	1	22	43	-5.600000	3.190453
C	45	39	0	1	22	45	-5.600000	3.491174
C	45	40	0	1	22	47	-5.600000	4.294240
C	45	41	0	1	23	43	-5.600000	3.848965
C	45	42	0	1	23	45	-5.600000	3.551612
C	45	43	0	1	23	47	-5.600000	3.666347
C	45	44	0	1	24	43	-5.600000	3.565495
C	45	45	0	1	24	45	-5.600000	3.744138
C	45	46	0	1	24	47	-5.600000	3.053334
C	45	48	0	1	20	49	-5.600000	4.265412
C	45	49	0	1	20	51	-5.600000	3.389285
C	45	50	0	1	20	53	-5.600000	3.981865
C	45	51	0	1	21	49	-5.600000	3.613296
C	45	52	0	1	21	51	-5.600000	4.330126
C	45	53	0	1	21	53	-5.600000	3.778537
C	45	54	0	1	22	49	-5.600000	3.974167
C	45	55	0	1	22	51	-5.600000	3.499645
C	45	56	0	1	22	53	-5.600000	3.076551
C	45	57	0	1	23	49	-5.600000	3.913019
C	45	58	0	1	23	51	-5.600000	4.571142
C	45	59	0	1	23	53	-5.600000	4.243488
C	45	60	0	1	24	49	-5.600000	4.230948
C	45	61	0	1	24	51	-5.600000	3.897344
C	45	62	0	1	24	53	-5.600000	3.807961
C	42	32	0	1	20	55	-1.400000	4.243035
C	42	33	0	1	20	57	-1.400000	3.806656
C	42	34	0	1	20	59	-1.400000	3.712590
C	42	35	0	1	21	55	-1.400000	3.236732
C	42	36	0	1	21	57	-1.400000	4.659293
C	42	37	0	1	21	59	-1.400000	3.621562
C	42	38	0	1	22	55	-1.400000	3.453984
C	42	39	0	1	22	57	-1.400000	3.730247
C	42	40	0	1	22	59	-1.400000	3.687860
C	42	41	0	1	23	55	-1.400000	3.539777
C	42	42	0	1	23	57	-1.400000	3.511386
C	42	43	0	1	23	59	-1.400000	3.299959
C	42	44	0	1	24	55	-1.400000	3.770982
C	42	45	0	1	24	57	-1.400000	3.999291
C	42	46	0	1	24	59	-1.400000	3.922265
C	42	48	0	1	20	61	-1.400000	4.028687
C	42	49	0	1	20	63	-1.400000	4.342370
C	42	50	0	1	20	65	-1.400000	3.496361
C	42	51	0	1	21	61	-1.400000	4.037826
C	42	52	0	1	21	63	-1.400000	4.050453
C	42	53	0	1	21	65	-1.400000	2.984888
C	42	54	0	1	22	61	-1.400000	4.144345
C	42	55	0	1	22	63	-1.400000	4.418410
C	42	56	0	1	22	65	-1.400000	3.996819
C	42	57	0	1	23	61	-1.400000	3.551279
C	42	58	0	1	23	63	-1.400000	3.453075
C	42	59	0	1	23	65	-1.400000	3.905655
C	42	60	0	1	24	61	-1.400000	3.557643
C	42	61	0	1	24	63	-1.400000	3.519507
C	42	62	0	1	24	65	-1.400000	3.817159
C	43	 0	0	1	20	67	-2.600000	3.636783
C	43	 1	0	1	20	69	-2.600000	3.661936
C	43	 2	0	1	20	71	-2.600000	3.791794
C	43	 3	0	1	21	67	-2.600000	3.502579
C	43	 4	0	1	21	69	-2.600000	3.736721
C	43	 5	0	1	21	71	-2.600000	3.704154
C	43	 6	0	1	22	67	-2.600000	3.575056
C	43	 7	0	1	22	69	-2.600000	4.496051
C	43	 8	0	1	22	71	-2.600000	3.399801
C	43	 9	0	1	23	67	-2.600000	4.467748
C	43	10	0	1	23	69	-2.600000	3.456932
C	43	11	0	1	23	71	-2.600000	4.423716
C	43	12	0	1	24	67	-2.600000	3.824471
C	43	13	0	1	24	69	-2.600000	3.698241
C	43	14	0	1	24	71	-2.600000	4.554622
C	43	16	0	1	20	73	-2.600000	3.434876
C	43	17	0	1	20	75	-2.600000	3.567849
C	43	18	0	1	20	77	-2.600000	3.802422
C	43	19	0	1	21	73	-2.600000	3.770321
C	43	20	0	1	21	75	-2.600000	3.245537
C	43	21	0	1	21	77	-2.600000	3.168462
C	43	22	0	1	22	73	-2.600000	3.956947
C	43	23	0	1	22	75	-2.600000	4.018064
C	43	24	0	1	22	77	-2.600000	4.096611
C	43	25	0	1	23	73	-2.600000	3.513481
C	43	26	0	1	23	75	-2.600000	3.902039
C	43	27	0	1	23	77	-2.600000	3.534485
C	43	28	0	1	24	73	-2.600000	4.103664
C	43	29	0	1	24	75	-2.600000	3.610079
C	43	30	0	1	24	77	-2.600000	3.955127
C	43	32	0	1	20	79	-2.600000	3.698078
C	43	33	0	1	20	81	-2.600000	4.026143
C	43	34	0	1	20	83	-2.600000	3.157619
C	43	35	0	1	21	79	-2.600000	3.656382
C	43	36	0	1	21	81	-2.600000	4.199903
C	43	37	0	1	21	83	-2.600000	3.575376
C	43	38	0	1	22	79	-2.600000	4.780812
C	43	39	0	1	22	81	-2.600000	3.586344
C	43	40	0	1	22	83	-2.600000	4.032848
C	43	41	0	1	23	79	-2.600000	3.855253
C	43	42	0	1	23	81	-2.600000	4.496657
C	43	43	0	1	23	83	-2.600000	3.676904
C	43	44	0	1	24	79	-2.600000	3.793959
C	43	45	0	1	24	81	-2.600000	4.862129
C	43	46	0	1	24	83	-2.600000	3.228462
C	43	48	0	1	20	85	-2.600000	3.552149
C	43	49	0	1	20	87	-2.600000	2.950413
C	43	50	0	1	20	89	-2.600000	3.831366
C	43	51	0	1	21	85	-2.600000	3.794547
C	43	52	0	1	21	87	-2.600000	4.522340
C	43	53	0	1	21	89	-2.600000	5.202318
C	43	54	0	1	22	85	-2.600000	3.678788
C	43	55	0	1	22	87	-2.600000	3.806508
C	43	56	0	1	22	89	-2.600000	3.925649
C	43	57	0	1	23	85	-2.600000	3.878007
C	43	58	0	1	23	87	-2.600000	3.708953
C	43	59	0	1	23	89	-2.600000	3.715538
C	43	60	0	1	24	85	-2.600000	4.464885
C	43	61	0	1	24	87	-2.600000	4.652985
C	43	62	0	1	24	89	-2.600000	4.960254
C	44	 0	0	1	20	91	-3.200000	4.180813
C	44	 1	0	1	20	93	-3.200000	3.689495
C	44	 2	0	1	20	95	-3.200000	4.007683
C	44	 3	0	1	21	91	-3.200000	4.160138
C	44	 4	0	1	21	93	-3.200000	3.490340
C	44	 5	0	1	21	95	-3.200000	3.856197
C	44	 6	0	1	22	91	-3.200000	4.075153
C	44	 7	0	1	22	93	-3.200000	4.526695
C	44	 8	0	1	22	95	-3.200000	3.534528
C	44	 9	0	1	23	91	-3.200000	4.409376
C	44	10	0	1	23	93	-3.200000	3.826681
C	44	11	0	1	23	95	-3.200000	3.671552
C	44	12	0	1	24	91	-3.200000	3.399360
C	44	13	0	1	24	93	-3.200000	4.444517
C	44	14	0	1	24	95	-3.200000	3.557852
C	44	16	0	1	20	97	-3.200000	3.797782
C	44	17	0	1	20	99	-3.200000	4.319474
C	44	19	0	1	21	97	-3.200000	3.394189
C	44	20	0	1	21	99	-3.200000	4.135907
C	44	22	0	1	22	97	-3.200000	3.557523
C	44	23	0	1	22	99	-3.200000	4.000000
C	44	25	0	1	23	97	-3.200000	3.868218
C	44	26	0	1	23	99	-3.200000	4.929338
C	44	28	0	1	24	97	-3.200000	4.452947
C	44	29	0	1	24	99	-3.200000	4.317642
